1.4066
1.02645
1.34165
1.0585
1.4937
1.59705
1.35055
1.0116
1.1662
2.26035
1.54075
1.0091
1.81965
1.50265
1.4037
1.3937
1.63825
1.0385
1.1
1.1198
1.09805
1.15425
1.28355
1.10945
1.40935
1.5346
1.07175
1.5691
1.33035
1.0094
1.0911
1.00835
1.235
1.113
1.01485
1.7244
1.75615
1.17295
1.425
1.465
1.1818
1.01135
1.4279
1.1144
1.1017
1.6122
1.2612
1.29495
1.1945
1.52975
1.18905
1.012
1.03865
1.04305
1.1756
1.01055
1.0106
1.24175
1.1568
1.0605
1.2137
1.09865
1.41985
1.00735
1.4645
1.45415
1.17815
1.12035
1.08075
1.3039
1.27885
1.3823
1.0145
1.0391
1.015
1.01925
1.6246
1.102
1.13125
1.2029
2.1067
1.7774
1.4997
1.7499
1.06165
1.5874
1.0178
1.6721
1.25515
1.27415
1.1443
1.40095
1.39785
1.1338
1.0621
1.00155
1.3016
1.04395
1.5682
1.10355
1.2346
1.3813
1.016
1.13395
1.14425
1.00235
1.40875
1.4061
1.12005
1.10675
1.05755
1.11275
1.29
1.32995
1.3624
1.1432
1.20335
1.09175
1.3792
1.0177
1.3269
1.14635
1.37525
2.1787
1.59625
1.10785
1.61355
2.5288
1.89705
1.045
1.349
1.4139
1.0037
1.19355
1.034
1.6365
1.0267
1.08
1.13
1.052
1.0477
1.113
1.30935
1.23255
1.05595
1.3472
1.28145
1.26675
1.0398
1.42
1.2452
1.04735
1.0259
1.5921
1.52985
1.22585
1.0166
1.31445
1.6229
1.0758
1.7624
1.0062
1.12905
1.02155
1.1036
1.1485
1.34805
1.17465
1.0897
1.0449
1.07325
1.0135
1.3955
1.70815
1.11355
3.9326
1.00985
1.1331
1.19585
1.02345
1.1675
1.2959
1.10105
2.17165
1.0476
1.266
1.1934
1.66645
1.2095
1.0719
1.24095
1.47215
1.05405
1.01985
2.1563
1.1509
1.3667
1.04525
1.6394
1.05955
1.07595
1.005
1.10765
1.1442
1.2628
1.2033
1.42685
1.56585
1.03305
1.68735
1.41455
1.0289
1.55805
1.4131
1.2777
1.0244
1.15425
1.0473
2.00495
1.12605
1.59875
1.03135
1.14265
1.01385
1.25595
1.40235
1.0484
1.35
1.66085
1.00295
1.65865
1.3766
4.26775
1.6062
1.05035
1.00785
1.08835
1.03565
2.1283
1.0069
1.02665
1.065
1.66535
1.38205
1.63765
1.45385
1.23025
1.18225
1.2774
1.02015
1.0081
1.0962
1.01755
1.1298
1.1943
1.0293
1.1086
1.1978
1.1059
1.00145
2.3184
1.4923
1.20675
1.01065
1.48775
1.67845
1.61255
1.0417
2.00565
1.1814
1.0627
1.29505
1.04485
1.4715
1.27405
1.93365
1.20985
1.2717
1.32645
1.11085
1.09345
1.0978
2.26775
1.4491
1.3691
1.9798
1.3596
1.6915
1.0104
1.08675
1.87135
1.13515
1.10635
1.1056
1.88955
1.33145
1.0094
1.0767
1.49255
1.1028
1.39115
1.3599
1.038
1.01945
1.17765
1.64025
1.0873
1.12045
1.0997
1.194
1.1539
1.0314
1.05135
1.3677
1.62315
1.45725
1.24825
1.75915
1.0858
1.19195
1.01435
1.02575
1.1857
1.1827
1.3156
1.01625
1.03005
1.3635
1.4278
1.32525
1.24525
1.0202
1.32295
1.2849
2.1919
1.18225
1.1832
1.0243
1.56915
1.3036
1.63625
1.25435
1.60915
1.1382
1.04055
1.27695
1.4321
1.2022
1.3176
1.68925
1.03745
1.12535
1.94855
1.0824
1.0518
1.4141
1.28695
1.30755
1.29175
1.2678
1.0433
1.38315
1.02945
1.4114
1.24015
1.043
1.16105
1.0716
1.6172
1.5
1.3255
1.1309
1.25475
1.40115
1.7925
1.1254
1.60525
1.4418
1.3176
1.0272
1.2318
1.182
1.43
1.9078
1.025
1.0358
1.2805
1.1271
1.44625
1.01825
1.06705
1.6018
1.91685
2.7759
1.6511
1.1713
1.01675
1.04465
2.01015
1.38525
1.5092
1.35595
1.61255
2.6577
1.3463
1.66715
1.0302
1.0161
1.36555
1.1369
1.30225
1.1195
1.36925
1.24
1.16715
1.0367
1.6601
1.0239
1.48395
1.7455
1.12815
1.47275
1.8292
1.4816
1.01655
1.1819
1.1209
1.53225
1.17205
1.51435
1.05485
1.71635
1.53965
1.0835
1.03515
1.0514
1.17865
1.3633
1.3829
1.043
1.31855
1.084
1.0914
1.28955
1.1401
3.62855
1.55535
1.79375
3.96405
1.4573
1.04395
1.4521
1.14985
1.37255
1.32955
1.61485
1.39225
1.799
1.46335
1.76015
1.0481
1.1137
1.43385
1.00795
1.46835
1.1297
1.3473
1.0119
1.1991
1.0338
1.37175
1.4528
1.1243
1.4819
1.0104
1.8053
2.1426
1.0588
1.7916
1.2298
1.08815
1.37155
1.013
1.3398
1.241
1.19725
1.208
1.2829
1.2992
1.5541
1.11425
1.2361
1.3041
1.5991
1.0528
1.08415
1.3467
1.21515
1.1835
1.44615
2.0579
1.15555
1.5658
1.29255
2.147
1.38425
1.5376
1.01655
1.28275
1.0342
1.0344
1.37015
1.2744
1.14915
1.5741
1.309
1.424
1.5669
1.31025
1.44105
1.2064
1.25825
1.035
1.02285
1.1628
1.42435
1.15195
1.07705
1.02875
1.0672
1.26935
1.34695
2.07065
2.11515
1.16815
1.26955
1.36095
1.0953
1.18745
1.30525
1.1785
1.72965
1.3887
1.6692
1.20725
1.01285
1.34505
1.4577
1.95355
1.6669
1.40305
1.05535
1.3951
1.4225
1.01385
1.83665
1.10455
1.16955
1.18715
1.65435
1.7972
1.1033
1.3065
1.02955
1.46535
1.50565
1.03115
1.0595
1.08325
1.50985
1.0778
1.0025
1.0882
1.46685
1.4739
1.15275
1.04915
1.2367
1.0351
1.22345
1.2498
1.2604
1.35165
1.6278
1.804
1.3441
2.0436
1.48175
1.43835
1.61275
1.3891
1.24695
1.1194
1.91285
1.06865
1.3327
1.362
1.32965
1.2485
1.0338
1.30205
1.24165
1.1623
1.0091
1.25035
1.3063
1.1856
1.00175
1.2626
1.42785
1.1883
1.0077
1.0234
1.3066
1.8257
1.26275
1.41405
1.167
1.1385
1.59725
1.24305
1.393
1.02565
1.1673
1.2232
1.2768
1.00485
1.2289
1.46225
1.06865
1.20725
1.5016
1.10305
1.0013
1.04965
1.0065
1.60055
1.33465
1.47145
1.2039
1.36085
1.4387
1.05055
1.1475
4.57
1.2423
1.89085
1.1954
1.70525
1.19315
1.336
1.4686
1.0232
1.5045
1.1637
1.0096
1.44365
1.0833
1.2118
1.0782
1.74065
1.4106
1.6581
1.2205
1.36755
1.51295
3.6134
1.2973
1.08495
1.2038
1.4541
1.0023
1.2904
1.0994
1.1007
1.4645
1.6603
1.26465
1.4475
1.25455
1.0752
1.04305
1.3346
1.3123
1.001
1.392
2.21725
1.1764
1.0651
1.1945
1.32145
1.0508
1.0145
1.6619
1.6768
1.59765
1.26205
1.12525
1.18735
1.3607
1.0243
1.14805
1.0445
1.54975
1.574
1.2806
1.0489
1.31355
1.09465
1.01745
1.1288
1.6596
1.5598
1.0017
1.18155
1.079
1.04035
1.11685
1.50355
1.64495
1.28595
1.0263
1.142
1.4393
1.5434
1.29535
1.15115
2.21295
1.3466
1.16315
1.5088
1.22305
1.85615
1.04255
1.66115
1.08975
1.3686
1.2046
3.9391
1.35925
1.2828
1.21735
1.0986
1.0547
1.28495
1.95775
1.03075
1.15445
1.20725
1.5985
1.14205
1.10265
1.68045
1.3346
1.6263
1.0178
1.8189
1.2733
1.27795
1.73635
1.43395
1.60925
1.2279
1.03805
1.49485
1.5824
1.9764
1.07985
1.44835
1.32555
1.59295
1.02975
1.3892
1.23495
1.6258
1.3234
1.18545
1.81085
1.0044
1.06605
1.04985
1.00795
1.0238
1.04595
1.4168
1.18495
1.01785
1.14405
1.2134
1.14825
1.683
2.5161
1.53155
1.54945
1.08625
1.1163
1.1534
1.97155
1.01805
1.3933
1.02205
1.10685
1.4043
1.0378
1.49795
1.51045
1.67845
1.0545
1.72565
1.80425
1.2136
2.3848
1.37095
1.75555
1.34795
1.1548
1.25305
1.073
1.0819
1.2105
1.0723
1.15855
1.4521
1.4776
1.16075
1.18065
1.3909
1.55675
1.15785
1.5936
1.57695
1.03385
1.05685
1.2153
1.73385
1.4176
1.09245
1.85515
1.4372
1.7273
1.0294
1.3338
1.0973
1.03845
1.7335
1.03685
1.0268
1.148
1.28245
1.2492
1.8397
1.09185
2.30425
1.1017
1.0051
1.30725
1.01455
2.4899
1.2688
1.6161
1.4569
1.1655
1.40685
1.3134
2.08005
1.09275
3.75585
1.08715
1.0386
1.31355
1.0305
1.1291
2.2262
2.2428
1.03385
1.75635
1.4428
1.77685
1.1062
1.4295
1.1591
1.06885
1.04845
1.38935
1.5554
2.28105
1.5043
1.68425
1.0331
1.0556
1.14125
2.24395
1.0775
1.19165
1.8814
1.17465
1.2345
1.06065
1.04325
1.6544
1.40405
2.163
1.13715
1.0651
1.0111
1.3466
1.42635
1.3999
1.0138
1.27755
1.70515
1.1474
1.0274
1.4434
1.1602
1.28
2.1748
1.455
1.41395
1.3742
1.30945
1.4113
1.0344
1.3844
1.07595
1.3007
1.47785
1.42105
1.60725
1.0422
1.0418
1.33365
1.01225
1.27145
1.0526
1.01145
1.16435
1.41965
1.4857
1.00635
1.018
1.2349
1.795
1.1447
1.0078
1.51075
1.05575
1.17615
1.035
1.49
1.457
1.1415
1.0089
1.34505
1.3597
1.0359
1.2573
1.16435
1.0131
1.0515
1.6386
1.01585
1.1554
1.68865
1.65265
1.47075
1.4044
1.3546
1.53665
1.61365
1.0109
1.0946
1.52205
1.03775
1.0022
1.3496
1.03785
1.0576
1.0806
1.05575
1.6981
1.78735
1.20365
1.09925
1.0577
1.47725
1.3303
1.2718
1.61665
1.21075
2.88875
1.0909
1.08235
1.2573
1.5108
1.80845
1.12905
1.85765
1.9424
1.15475
2.1698
1.01645
1.29085
1.0722
1.00555
1.0221
1.3303
1.0715
3.86835
1.191
1.21525
1.164
1.02335
1.0894
1.066
1.03305
1.06965
1.01695
1.1066
1.45385
1.0333
1.023
1.03525
1.21945
1.2051
1.2269
1.2682
1.0155
1.2881
1.21265
1.33845
1.2896
1.0983
1.233
1.04035
1.07625
1.2171
1.31185
1.00645
1.0472
1.56915
1.90615
1.14145
1.07735
1.0462
2.3671
2.07205
1.09095
1.1537
1.0325
1.28015
1.2017
1.13125
1.0559
1.43425
1.04425
1.2077
1.04515
1.06265
1.4612
1.0397
1.23805
1.003
1.28035
1.2279
1.0136
1.1622
1.6026
1.06145
1.10355
1.02555
1.15935
1.2326
1.13775
2.0426
1.10775
1.26585
1.07975
1.06845
1.27865
1.46805
1.193
1.00245
1.03915
1.11805
1.33875
1.03195
1.01575
1.12825
1.0859
1.026
1.0211
1.13955
1.19565
1.04065
1.0318
1.04695
1.03145
1.2515
1.04325
1.09265
1.0362
1.07565
1.013
1.58765
1.3194
1.14615
1.25005
1.6079
1.84705
1.31255
1.02085
1.3152
1.00885
1.39515
1.0135
1.2455
1.0103
1.0383
1.16055
1.2775
1.11635
1.10815
1.20575
1.4187
1.02065
1.26405
1.08725
1.02925
1.0815
1.1768
1.1548
1.08245
1.1166
1.2386
3.18805
1.3549
1.0131
1.16935
1.02425
1.4884
1.4909
1.0083
1.2105
1.01155
1.63975
1.9945
1.0136
1.4478
1.42035
1.47025
1.3016
1.56135
1.0707
1.38585
1.50405
1.0328
1.41045
1.0485
1.7851
1.05495
1.0108
1.64285
1.40755
1.9694
1.0954
1.8438
1.08915
1.1478
1.21615
1.02445
2.2641
1.1346
1.0632
1.743
1.1129
1.3283
1.1156
1.10015
1.17205
1.07595
1.39495
1.0594
1.077
1.0438
1.07795
1.01985
1.06045
1.44195
1.3013
1.3543
1.12205
1.17075
1.21385
1.0315
1.89905
1.0112
1.06925
1.0605
1.20505
1.15955
1.5643
1.6807
1.37975
1.2625
1.75195
1.1604
1.152
1.2306
1.1693
1.0556
1.1499
1.31875
1.14535
1.2285
1.0408
1.3822
1.20515
1.71065
1.49155
1.10225
1.1419
1.0887
1.0153
1.28475
3.7951
1.24505
1.00945
1.52525
1.13545
1.29175
1.26865
1.04605
1.09145
1.7163
1.06175
1.0293
1.34705
1.0074
1.08225
1.8307
1.519
1.69025
1.6816
1.0425
1.49635
1.03115
1.4162
1.78985
1.2225
1.08595
1.31075
1.0123
1.07555
1.2491
1.13135
1.62175
1.0018
1.10375
1.14045
1.115
1.01055
1.4157
1.0806
1.0569
1.2181
1.254
1.0131
1.3059
1.18355
1.2064
1.22245
1.99155
1.6341
1.16425
1.11455
1.14765
1.5377
1.057
1.00225
1.01345
1.29745
1.8588
1.96135
1.05815
2.01215
1.08805
1.02905
1.3359
1.6182
1.95865
1.51375
1.22525
1.12165
1.72315
1.33945
1.3656
1.30665
1.57135
1.65115
1.16525
1.09355
1.32465
1.07605
1.0112
1.11955
1.8523
1.2695
1.05875
1.2223
1.13365
1.22525
1.23365
1.34845
1.1954
1.0829
1.02975
1.13065
1.26135
1.6111
1.62745
1.01355
1.3769
1.0139
1.7227
1.1043
2.50525
1.3077
1.2909
1.0247
1.3404
1.0312
1.08445
1.20795
1.12765
1.1895
1.1377
1.1084
1.0161
1.98015
1.01955
1.4622
1.04955
1.33975
1.024
3.3951
1.61175
1.2845
1.0014
1.01915
1.25975
1.9231
1.036
1.09965
1.3482
1.0063
1.5947
1.23165
2.35455
1.4424
1.3969
1.44565
1.20725
1.0987
1.16655
1.08495
1.43105
1.12995
1.0311
1.4727
1.26265
1.2917
1.01225
1.8458
1.0258
2.59835
1.46225
1.4244
1.1571
1.0689
1.2366
1.01865
1.24655
1.05495
1.03015
2.27715
1.26375
1.3891
1.26505
1.10615
2.25225
1.0434
1.03115
1.46655
1.41895
1.462
1.37085
1.6596
1.14045
1.31815
1.24365
1.27915
1.13835
1.131
1.0402
1.24095
1.88465
1.9203
1.0055
1.4727
1.01095
1.58365
1.8872
1.2576
1.34645
1.25535
2.0222
1.3927
1.4141
2.4016
1.05615
1.3338
1.2106
1.02995
1.00925
1.0998
1.04535
1.0483
1.11275
1.07155
1.2548
1.0151
1.04525
1.26205
1.0839
1.07715
1.2433
1.4427
1.27695
1.29225
1.3736
1.25595
3.4247
1.16285
1.62185
1.25475
1.00925
1.01775
1.0609
1.30265
1.0316
2.3945
1.84065
1.50005
1.6364
2.03745
1.0527
1.01715
1.4661
1.2051
1.19595
1.456
1.10565
6.75225
1.0953
1.36175
1.0499
1.7354
1.02765
1.0392
1.7217
1.1014
1.0899
1.4691
1.2115
1.0556
1.2042
1.245
1.43115
1.18225
1.01165
1.06645
1.03715
1.14815
1.4122
1.23115
1.33055
1.09475
1.3652
1.41675
1.1632
1.5406
1.1341
1.3848
1.34925
1.06225
1.21355
1.0366
1.0898
1.3954
1.3635
1.1485
2.2553
1.03845
1.3659
2.56355
1.29505
1.1775
1.06145
1.57065
2.18795
1.93095
1.0022
1.1429
1.0925
1.1922
2.17605
1.53985
1.89125
1.01965
1.114
1.136
1.07465
1.0143
1.0453
1.03615
1.0248
1.05835
1.0309
1.4344
1.4879
1.0139
1.22755
1.45995
1.10255
1.3204
1.0407
1.0244
1.0935
1.2931
1.23005
1.5055
1.55355
1.469
1.6048
1.04325
1.48385
1.2764
1.03085
1.157
1.18675
1.12425
1.15795
1.2056
1.5085
1.5771
1.31115
1.05925
1.0422
1.0888
1.03855
1.06265
1.0114
1.2925
1.02475
1.549
1.59045
1.1564
1.12705
1.05995
1.3948
2.3098
1.08025
1.2071
1.34805
1.0538
1.52365
1.51705
1.03155
1.0167
1.0168
1.02605
1.0419
1.14265
1.01855
1.06515
1.8063
1.49605
1.05745
1.0124
1.08875
1.23365
1.97285
1.05025
1.6232
1.0258
1.86095
1.33975
1.32265
1.0643
1.01835
1.03585
1.09925
1.05215
1.1996
1.02675
1.1246
1.0404
1.3412
1.65675
1.11135
1.39125
1.03775
1.03005
1.83445
1.01925
1.02885
1.0802
1.2382
1.57295
1.48775
1.03555
1.0177
1.02775
1.61535
1.0093
1.47105
1.0863
1.0962
1.04665
1.0313
1.1083
1.0135
1.094
1.01365
1.7723
1.0462
1.55025
1.058
1.0934
1.19875
1.8145
1.3572
2.2171
1.88795
1.1522
1.17905
1.88435
1.0221
1.17875
1.1154
1.50755
1.46335
1.43915
1.11895
1.18045
1.27065
1.30615
1.13475
1.02075
1.0279
1.0383
1.01895
1.02135
1.65225
1.9053
1.0362
1.0871
1.37215
1.18435
1.14485
1.04035
1.38625
1.13885
1.03585
1.023
1.3717
1.12125
1.00185
1.01465
2.93565
1.04035
1.29465
1.052
1.0366
1.4668
1.01885
1.041
1.0153
1.0632
1.30425
1.15285
1.33165
1.04765
1.1722
1.4239
1.11675
1.10735
1.20055
1.0593
1.50115
1.1602
1.4255
1.01335
2.1438
1.52625
1.4422
1.09425
1.0437
1.01965
1.3066
1.1807
1.04635
1.64225
1.0913
1.2867
1.32045
1.09705
1.16905
1.49305
1.06175
1.29345
1.42475
1.37575
2.08805
1.0215
1.1419
1.32875
1.1415
1.04555
2.1694
1.1241
1.01935
1.2518
1.32
1.5346
1.2755
1.0529
1.0212
1.9695
1.34905
1.57285
1.1727
1.0349
1.92885
1.47765
1.4135
1.01965
1.25165
1.14395
1.03815
1.39915
1.0286
1.03075
1.0955
1.07065
1.01985
1.0683
1.41705
1.03025
1.0736
1.4314
1.43745
1.01755
1.12205
1.0775
1.04525
1.391
1.09665
1.82935
1.2528
1.10735
1.45175
2.13255
1.43945
1.0981
1.1646
1.1239
1.07195
1.08975
1.4097
1.04575
2.6174
1.1763
1.03125
1.1349
1.64145
1.5027
1.09075
1.3475
1.12335
1.26325
1.61985
1.2567
1.47775
1.3049
1.1931
3.203
1.20845
1.02795
1.8725
1.0216
1.0172
1.2945
1.0673
1.15645
1.41665
1.57605
1.029
1.08025
1.97825
2.0846
1.01285
1.10175
1.0889
1.0162
1.04805
1.07285
1.01495
1.31385
1.0252
1.79115
1.20645
4.6432
1.35795
1.24475
1.05705
1.2937
1.2253
1.0739
1.27225
3.4703
1.044
1.36695
1.0162
1.13295
1.0683
1.03085
1.1888
1.1735
1.00885
1.4776
1.96115
1.09325
1.0243
1.32375
1.56535
1.04285
1.0778
1.01995
1.2638
1.017
1.06335
1.0623
1.177
1.19775
1.63795
2.15825
1.4468
1.0245
1.6324
1.02975
1.24005
1.54765
1.71745
1.94785
1.0444
2.35805
1.44795
1.3567
1.46425
1.00695
1.01675
1.3047
1.3982
2.7177
1.8707
1.3087
1.2956
1.0312
1.01835
1.15305
1.07965
1.0027
1.27325
1.0938
3.2418
1.40505
1.72045
1.29755
1.06895
1.1323
1.4606
1.6754
1.67165
1.341
1.4213
1.4464
1.02445
1.1314
1.15375
2.1156
1.0898
1.933
1.2498
1.0925
1.34065
1.13885
1.3338
1.0423
1.077
1.52855
1.49175
1.22095
1.031
1.01225
1.1213
1.59225
1.58985
1.0437
1.88135
1.0482
1.10385
1.25225
1.00745
1.00545
1.1361
1.0266
1.04675
1.3753
1.00365
10.28615
1.7351
1.0859
2.19225
1.6768
1.08735
1.23505
1.245
1.0508
1.0273
1.07885
1.39945
1.54915
1.0711
1.02875
1.1352
1.5882
1.0426
1.2904
1.13315
1.56155
1.6081
1.08975
1.1813
1.34045
1.0273
1.3324
1.0564
1.0019
1.00205
1.05775
1.1631
1.00925
1.01785
1.10225
1.0086
1.00275
1.00705
1.6515
1.778
1.0055
1.00225
1.05055
1.13005
1.01825
1.2112
2.0461
1.19815
1.03565
1.1091
1.34795
1.37315
1.0837
1.0063
1.904
1.1349
1.20575
1.10015
1.0634
1.0991
2.0876
1.68755
1.075
1.6446
1.31565
1.046
1.05985
1.39445
1.4184
1.1382
1.096
1.9968
1.33485
1.98645
1.0262
1.528
1.01565
1.21945
1.3496
1.0646
1.24355
1.5192
1.1217
1.4206
1.4369
1.0755
1.0853
1.3312
1.3114
1.08005
1.0096
1.02205
1.3407
1.0957
1.04485
1.0448
1.2394
1.26155
1.08235
1.68015
1.03425
1.81145
1.7366
1.7072
1.0424
1.10625
1.01235
1.01725
1.4994
1.24475
1.0246
1.01785
2.4107
1.01295
1.10585
1.0434
1.133
1.78855
1.33625
1.09355
1.4182
1.00675
1.36725
1.0113
1.45125
1.48465
1.72725
1.79915
1.0291
1.08225
1.81515
1.2625
1.09665
1.11035
1.4999
1.17335
1.59035
1.1924
1.2349
1.00535
1.8514
1.39045
1.1627
1.1271
1.0012
1.143
1.3561
1.62785
1.28165
1.4144
1.4329
1.0623
1.7288
2.1981
1.687
1.14475
1.4813
1.601
1.1318
1.68765
3.60775
1.02455
1.14565
1.04405
1.1595
1.0151
1.13565
1.75535
1.50015
1.97075
1.32975
1.3112
1.11465
1.2016
1.0483
1.25115
1.10845
1.49435
1.26735
1.3109
1.36135
1.08735
1.4756
1.36095
1.31205
1.11965
1.80405
1.03875
1.01325
1.1681
1.2306
1.1004
1.3281
1.0202
1.8064
1.03555
1.09525
1.47065
1.01265
1.24875
1.07545
1.0426
1.10685
1.40355
1.0299
1.2805
1.14035
1.00735
1.06735
1.4047
1.4816
1.1157
1.1785
1.0045
1.36425
1.6612
1.0025
1.10545
2.03805
1.0439
1.1526
1.20555
1.03265
1.0481
1.7588
1.7528
1.0758
1.06045
1.10005
1.1012
1.09985
1.0155
1.75975
2.067
1.1789
1.1605
1.87065
1.453
1.20935
1.328
1.03435
1.03375
1.0149
1.43095
1.30405
1.0118
1.31825
1.129
1.02605
1.58275
1.13845
1.02645
1.16395
1.3438
2.50875
1.54805
1.83785
1.10795
1.54215
1.0906
1.3437
1.1657
1.5603
1.3801
1.58585
1.16295
1.01605
1.0152
1.09225
1.0473
1.01215
1.62625
1.35955
2.2064
1.0978
1.00185
1.36445
1.0271
1.56535
1.03935
1.1725
1.09915
1.0471
1.29545
2.46805
1.184
1.59785
1.12575
1.05985
1.2039
1.00385
1.4045
1.06215
1.1486
1.4143
1.18295
2.6461
1.2624
1.03465
1.2611
1.5207
1.53385
1.7224
1.20385
8.9584
1.09395
1.076
1.6079
1.0103
2.938
1.07315
1.012
1.00305
1.47795
1.001
1.03065
1.0029
1.0358
1.02885
1.11735
1.06985
1.4533
1.17705
1.01025
1.0874
1.03275
1.08645
1.0013
1.0871
1.3724
1.23115
1.4157
1.00815
1.22385
1.1756
1.04705
1.1923
1.30695
1.27595
1.3885
1.0246
1.04225
1.3516
1.1808
1.46015
1.03145
1.04665
1.1864
1.27435
1.02245
1.35615
3.29535
1.04375
1.20025
1.0381
1.0949
1.02055
1.0097
1.025
1.0467
1.06515
1.0381
1.9274
1.1062
1.042
1.1266
1.23565
1.2664
1.04565
1.3518
1.002
1.2293
1.31525
1.46775
1.09415
1.20955
1.18465
1.1842
1.08145
1.7371
1.0128
2.0563
1.5308
1.05535
1.0165
1.0658
1.47365
1.0124
1.2857
1.01235
1.01175
1.0647
1.0118
1.01715
1.0124
2.6017
1.02665
1.1447
1.1342
1.0281
1.2168
1.1838
1.0634
1.018
1.96085
1.0495
2.2045
1.06745
2.12825
1.1085
1.97335
1.15595
1.5005
1.6705
1.59625
1.6667
1.1797
1.06025
1.25345
2.0589
1.25385
1.52
1.4027
1.1186
1.10675
1.1412
2.94045
1.6434
1.198
1.39035
1.24145
1.5354
1.53135
1.0056
1.2247
1.16145
1.61475
3.21865
1.08675
1.2016
1.06745
1.4702
1.3058
1.0403
1.0382
1.03195
1.04255
1.59455
1.2196
1.1252
1.0451
1.81485
1.00295
1.27885
2.28145
1.033
1.05525
1.03675
1.0729
1.1998
1.11875
1.0675
1.029
1.36225
1.05995
1.07575
1.21675
1.0584
1.00735
1.03175
1.0651
2.00625
1.9029
2.7536
1.711
1.30485
1.14375
1.28165
1.00955
1.04335
1.457
1.02835
1.31015
1.01285
1.50645
1.07735
1.0108
1.7689
1.4056
1.85785
1.1088
1.4581
1.0438
1.01515
1.10715
1.0092
1.23725
1.04675
1.6026
1.23175
1.37525
1.52145
1.12835
1.06145
1.06905
1.05425
1.2148
1.0696
1.12915
1.9346
1.0748
2.61595
1.3187
1.5578
1.07435
1.04995
1.3167
1.01985
1.57405
1.1125
1.47205
1.97945
1.4676
1.066
1.01755
1.74405
1.0317
1.0284
1.82535
1.34975
1.23615
1.0479
1.2772
2.11015
1.0235
1.304
1.06035
1.31445
1.11615
1.0869
1.57115
1.0114
1.4998
1.29835
1.05395
1.00835
1.0308
1.61945
1.1896
1.36985
1.18135
1.67415
1.06025
1.2864
1.10405
1.11305
1.6994
1.0018
1.0333
1.0234
1.0125
1.11525
1.32495
1.304
1.07355
1.13965
1.12525
1.8139
1.03235
1.81825
1.05
1.0805
1.13165
1.00745
1.2503
2.0493
1.0157
1.23485
1.31155
1.0119
1.65035
1.3248
1.01855
1.012
1.1897
1.2304
1.0308
1.33255
1.0056
3.5036
1.42695
1.3471
1.4263
1.06875
1.07735
1.13
1.12995
1.34015
1.0348
1.11345
1.5506
1.54535
1.369
1.567
1.19375
1.0798
1.07185
1.04145
1.1755
1.12285
1.03995
1.07305
1.01165
1.4052
1.26005
1.4286
1.27795
1.02415
1.14305
1.85145
1.2739
1.05525
1.27525
1.23125
1.2545
1.4255
1.79635
1.2187
1.25665
1.09385
1.07235
1.1796
1.18275
1.00845
1.30995
1.2139
1.11405
1.454
1.23655
1.51395
1.1177
1.3164
1.2376
1.06655
1.08155
1.65005
1.0272
1.38385
1.1849
1.5643
1.32445
1.2397
1.07765
1.36565
1.02015
1.03105
1.00175
1.0387
1.0794
1.1834
1.16835
1.19615
1.21355
1.0352
1.1694
1.75025
1.90345
2.06745
1.0087
1.3119
1.6091
1.04725
1.147
1.3729
1.68305
1.3142
1.0172
1.1522
1.026
1.21065
1.41455
1.82505
1.3233
1.0576
1.0294
1.72935
1.0391
1.17735
1.26955
1.38525
2.5418
1.1066
2.6161
1.5253
1.04175
1.06015
2.1946
1.1064
1.14925
1.13205
2.09805
1.99705
1.307
1.0685
1.4837
2.0009
2.33315
1.315
1.2814
1.26595
1.24015
1.1448
1.2926
1.1071
1.59565
1.16115
1.0704
1.10435
1.10195
3.2036
1.808
1.07595
1.18635
1.28565
1.06515
1.1051
1.5148
1.08335
1.52035
1.19145
1.09815
1.322
1.1048
2.01605
1.9094
1.1994
1.1391
1.7926
1.7133
1.1168
1.5628
1.11445
1.1401
1.2661
1.08425
1.0577
1.61245
1.75925
1.26015
1.281
1.42915
1.1019
1.34175
1.6421
1.4654
1.8058
1.0649
1.17125
1.8322
1.0132
1.0831
1.3036
1.00895
1.31635
1.7506
1.53885
1.7669
1.41395
1.05075
1.1704
1.016
1.494
1.28145
1.45675
1.02005
1.2373
1.01065
1.0647
1.00405
1.1321
1.30565
1.0217
1.2558
1.1407
1.3988
1.14025
1.8665
1.1084
1.7359
1.0482
1.2221
1.06145
1.59055
1.00295
1.60925
1.315
1.0963
1.7337
1.46155
1.163
1.0318
1.64255
1.46325
1.0548
1.16805
1.566
1.3636
1.03655
1.682
1.09055
1.34035
1.38625
1.0064
1.022
1.11915
1.4393
1.3526
1.05905
1.7374
1.2966
1.1631
1.1165
1.3018
1.1472
1.1477
1.1206
1.4465
1.41
1.0232
1.77615
1.48785
1.5449
1.0014
1.0234
1.29685
1.31985
1.0227
1.204
1.0095
2.20175
1.2075
1.10415
1.77955
1.8725
1.7572
1.0463
1.58355
1.32275
1.11415
1.4921
1.9485
1.2805
1.0222
1.4553
2.5258
1.30035
1.0115
1.0019
1.4887
1.3422
2.03125
1.16315
1.33065
1.086
2.06565
1.02355
1.6866
1.1517
1.83695
1.0113
1.05205
6.27555
1.2019
1.02165
1.0912
1.6844
1.4853
1.4334
1.49115
1.2668
1.1109
1.0024
1.0225
1.06595
1.12345
1.165
1.2048
2.11305
1.3709
1.24855
1.23255
1.2271
1.1044
1.27055
1.8693
1.1531
1.00925
1.04265
2.05405
1.1623
2.03875
1.1438
1.8198
2.22975
1.3056
1.57875
1.03735
1.05555
1.1856
1.04095
1.06785
1.1317
1.06365
1.0278
1.0268
1.23075
1.43775
1.18865
1.1607
1.2026
1.6712
1.10165
1.00585
1.40795
1.50885
1.7919
1.30615
1.0096
1.11275
3.3459
1.73345
1.07975
1.65585
1.05105
1.02005
1.00395
1.1466
1.75215
1.0075
1.15295
1.15185
1.38425
1.1135
1.4265
1.0439
1.54355
1.1268
1.103
1.43425
1.0751
1.1598
1.2021
1.05085
1.1684
1.04375
1.50245
1.30885
1.0882
1.05555
1.0263
1.1822
1.2469
1.3248
1.13365
1.01735
1.09785
1.22395
1.29295
1.8085
1.1484
1.1682
1.62635
2.4979
1.11105
1.2344
1.02435
1.665
1.465
1.30525
1.23795
1.0113
1.5687
1.05335
1.6351
1.17555
1.1678
1.0107
1.3668
1.147
1.44895
1.2725
1.30735
1.45305
1.4079
1.7457
1.06215
2.82175
1.2451
1.2697
1.11425
1.00325
1.38425
1.05605
1.09635
1.3338
1.46225
1.3599
1.0489
1.67495
1.6381
1.4494
1.31425
1.17255
1.0476
1.64155
1.56015
1.0128
1.0698
1.38805
1.03695
1.19175
1.46385
1.6899
1.8237
1.0287
1.4741
1.445
1.1132
1.07915
1.0181
1.158
1.0126
2.54105
1.02895
1.04705
2.3181
1.17055
1.0693
1.68015
1.0051
1.1392
1.12195
1.42675
1.13225
1.1324
2.39525
1.03945
1.07175
1.46585
1.05385
1.1402
1.29005
1.26245
1.09945
1.14375
1.21665
1.59085
1.71145
1.0931
1.2852
1.2993
1.11765
1.3169
1.59825
1.1724
1.43175
1.18515
3.45685
1.688
1.12405
1.05525
1.06195
1.7106
1.06075
1.2406
1.079
1.03795
1.0486
1.09775
1.03655
1.0718
1.16105
2.01835
1.3331
1.0819
1.06535
1.08955
1.02435
1.14125
1.1496
1.4503
1.6195
1.01765
1.00635
1.82325
1.43605
1.01905
1.00765
2.1232
1.0863
1.045
1.471
1.1138
1.2257
1.0436
1.93755
1.43695
1.16125
1.35365
1.252
1.01865
1.2923
1.1493
1.082
1.13645
1.0748
1.00065
1.43425
1.0871
1.3907
1.1714
1.1833
1.06815
1.00405
2.2783
1.22615
1.5347
1.39095
1.1113
1.29995
1.09665
1.01725
1.1434
1.14975
1.26385
1.4285
1.0225
1.00855
1.57975
1.0474
1.60325
1.3929
1.0338
1.2457
1.02175
1.0507
1.43235
1.1066
1.05285
1.05415
1.0785
1.22265
1.3573
1.37645
1.1513
1.1857
1.8806
1.12355
1.0207
1.0851
1.97375
1.4313
1.1521
1.17815
1.5306
1.2288
1.10945
1.29775
1.0538
1.1434
1.5245
1.7366
1.0664
1.0281
1.27515
1.096
1.01895
1.26735
1.2912
1.70475
1.01615
1.0277
2.4826
1.2418
1.0395
1.54875
1.0016
1.54205
1.1538
1.1883
2.52465
1.12145
1.00185
1.44275
1.02605
1.7888
1.7989
1.05825
1.4673
1.193
1.0444
1.4325
1.0915
1.26095
1.22245
1.32135
1.29405
1.252
1.6948
1.51735
1.5057
1.43515
1.03625
1.1252
1.15895
2.15795
1.0743
1.1547
1.02735
1.20595
1.03625
1.22365
1.00815
1.83225
1.03645
1.0035
1.3831
1.1746
1.9243
1.04435
1.08535
1.4216
1.0759
2.23275
1.0396
1.11475
1.53265
1.25665
1.0348
1.5649
1.12555
1.6554
1.0788
1.30515
1.0869
1.68595
1.1238
1.6343
1.3665
1.1037
1.78495
1.48195
1.10825
1.0367
1.10035
1.01645
1.60575
1.02115
1.3133
1.4518
1.0139
1.1469
1.27025
1.0729
1.27575
1.5619
3.8719
1.41755
1.0192
1.369
1.0725
1.11765
1.74595
1.76135
1.08565
1.10245
1.00845
1.12555
1.12175
1.1654
1.1621
1.962
2.07365
1.103
1.12885
1.0998
1.22965
1.03315
1.00905
1.1012
1.86285
1.3284
2.11335
1.09565
2.0759
1.71585
1.07285
1.63725
1.15725
1.07585
1.6875
1.0991
1.0433
1.1649
1.07385
1.7455
1.1354
1.01545
2.27875
1.2872
1.69015
1.7022
1.27625
1.10455
1.1644
1.04795
1.02835
1.38105
1.45605
1.02065
1.0636
1.0104
1.1658
1.0364
1.07515
1.26075
2.9334
2.2141
1.2397
1.0573
2.9366
1.5864
1.1225
1.01095
1.98175
1.14915
1.4766
1.9382
1.03945
1.046
1.09405
1.0171
1.48195
1.20505
1.4978
1.1754
1.13525
1.09235
1.57835
2.06175
1.6954
1.1341
1.9558
1.10125
1.2817
1.2725
1.15215
1.16825
1.0972
1.2498
1.04285
1.0089
1.2266
1.02905
1.62775
1.0771
1.3722
1.12455
1.0804
1.29355
1.0441
1.16615
1.2672
1.2307
1.1073
1.0103
1.47735
1.34075
2.1815
1.0331
1.02845
1.0048
1.1666
1.2265
1.32235
1.25975
1.4512
1.01255
1.85565
1.4956
1.39965
2.56235
1.05045
1.49465
2.12605
1.0121
1.33035
1.65555
1.35845
1.0046
1.09065
1.07725
2.0772
1.88685
1.26865
1.00735
1.54215
3.6346
1.2545
1.03525
1.047
2.1605
1.3215
1.09685
1.0902
1.0078
1.27025
1.0844
1.0372
1.0481
1.29475
1.4497
1.91195
1.0322
1.0101
1.27475
1.01605
1.22155
1.2484
1.3848
1.0071
1.0854
1.36655
1.1782
1.8076
1.1581
1.4071
1.0027
1.06835
1.01415
1.8261
1.02575
1.31765
1.0407
1.12395
1.0237
1.0373
1.04805
1.0553
1.5893
1.01415
1.2139
1.3801
1.2515
2.1975
2.37205
1.03685
1.10135
1.04535
1.565
1.01715
1.0911
1.1724
1.00765
1.03835
1.94815
1.12685
1.01075
1.1389
1.3745
1.0038
1.1904
2.17595
1.17
1.9672
3.20575
1.20395
1.0639
1.11735
1.03055
1.1594
1.1924
1.44625
1.5771
1.14895
1.9266
1.3645
1.61625
1.25435
1.33655
1.3758
1.13165
1.78385
1.61055
1.1336
1.0154
1.1826
1.2303
1.81715
1.24935
1.0273
1.26615
1.36365
1.11005
1.0248
1.033
1.00535
1.0646
1.04935
1.00785
1.1882
1.033
1.11515
1.204
1.0881
1.008
1.01945
1.30215
1.3088
1.3021
1.07685
2.5915
1.2764
1.06205
1.0666
1.39215
1.0989
1.45635
1.11145
1.01255
1.75015
1.00405
1.06105
1.0102
1.21935
1.1084
1.0164
1.2179
1.7572
1.03695
1.5275
1.07125
1.4976
1.8166
1.00155
1.49805
1.1047
2.2556
1.742
1.16135
1.251
1.0908
1.00985
1.02615
1.35815
1.17575
1.0123
2.57375
1.7285
1.0962
1.00595
1.0156
1.27485
1.06825
1.1544
1.1373
1.8382
1.2068
2.5982
1.0101
1.3607
1.4908
1.48745
1.27885
1.74985
1.1016
1.25545
1.90615
1.95745
1.02325
1.0245
1.47275
1.10355
2.18885
1.07635
1.10485
1.35355
1.4024
1.4401
1.0127
1.17415
1.0538
1.32405
1.0624
3.45735
1.65925
1.80045
1.37295
1.0328
1.15545
1.2619
1.79555
1.75315
1.5774
1.17545
1.1031
1.805
1.9675
1.2919
1.17665
1.18365
1.01325
1.07765
1.4752
1.01755
1.40985
1.16275
1.005
1.0722
1.65665
1.0514
1.1393
1.02865
1.16925
1.01725
1.14785
1.05885
1.2152
2.68425
4.261
1.1381
1.09745
1.0075
1.43445
1.50905
1.0014
1.0809
1.68575
1.05425
1.24195
1.21305
1.2345
1.0774
1.58785
1.04575
1.3923
1.0408
1.4535
1.0115
1.1604
2.1881
1.0362
1.197
1.0444
1.14975
1.0737
1.02125
1.0117
1.3824
1.01205
1.0598
1.0064
1.2378
1.2201
1.06715
1.2575
1.89145
1.7722
1.0037
1.00525
1.3876
1.67175
1.02375
1.22805
1.6009
3.59355
2.8522
1.0095
1.1382
1.5703
1.0581
1.13655
1.0412
1.52075
1.23435
1.2947
1.1249
1.5305
1.0578
1.61515
1.0303
1.7954
1.0293
1.2718
1.52715
1.0095
1.33395
1.25695
1.0438
1.04965
1.8514
1.00825
1.06585
1.2552
1.0423
1.12305
1.0163
1.0083
1.13445
1.18075
1.09225
1.8431
1.1853
1.12385
1.09995
1.1006
1.02585
1.2877
2.6642
1.15365
1.22455
1.41105
1.88815
1.1353
1.38255
1.93225
1.92105
1.09145
1.21645
2.0893
1.0317
1.19935
1.2259
1.01305
1.0015
1.17315
1.3243
1.5569
1.21775
2.00815
1.0903
1.04005
1.1852
1.95445
1.28505
1.2455
1.4293
1.11385
1.1618
1.8512
1.0974
1.18125
1.0281
1.2089
1.0268
1.13585
1.1811
1.1168
2.0503
1.37255
1.0075
1.8313
1.0807
1.15245
1.2736
1.4222
1.00385
1.4681
1.55085
1.61145
2.1954
1.08165
1.5799
1.02525
1.0052
1.01195
1.2537
1.11185
1.04625
1.34605
1.03325
1.8228
1.1529
1.1729
1.01665
1.5969
1.03915
1.23855
1.4514
1.19415
1.3658
1.03855
1.2319
1.3913
1.34815
1.57735
1.20055
1.3517
1.0502
1.00595
1.10885
1.0573
1.43845
1.08195
1.29325
1.42225
1.2046
1.7991
1.37585
1.9658
1.37745
1.42735
1.39445
1.27075
1.3981
1.03595
1.46625
1.35265
1.5952
1.5028
1.2216
1.0397
1.5782
1.28935
1.12025
1.2905
1.32145
1.13355
1.0235
1.05505
1.17205
1.68245
2.13525
1.87325
1.0794
1.4395
1.02365
1.13385
1.82045
1.01795
1.2
1.0052
1.12315
1.9648
1.2013
1.72015
1.23315
1.0162
1.23755
1.03285
1.0619
1.78255
1.14385
2.20325
1.05215
1.00295
1.03155
1.12835
1.09895
1.0311
1.27375
1.0548
1.25155
1.0068
1.05755
2.17025
2.0472
1.4266
1.1461
1.57285
1.27765
1.02195
1.04755
1.36135
2.27815
1.16305
1.41745
1.0419
1.11895
1.24605
1.0417
1.08395
1.0819
1.0243
1.0362
1.0959
1.3755
1.03745
2.131
1.13095
1.86525
2.3569
1.01635
1.05255
1.2073
1.49415
1.0086
1.0819
3.6587
1.0137
2.0129
1.511
1.4429
1.3198
1.0281
1.12395
1.0247
1.0977
1.022
1.96075
1.0147
2.0132
1.07535
1.4265
1.01605
1.01
1.00765
1.0844
1.2808
1.359
1.7437
1.05475
1.12085
1.5173
1.85335
1.52785
2.99085
1.41895
1.3543
1.00255
1.1541
1.0133
1.01045
1.07905
1.19335
1.60095
1.43745
1.2508
1.32005
1.28805
1.4288
1.72875
1.3329
1.6258
1.0937
1.09455
1.0613
1.5506
1.97345
1.0115
1.1847
2.1548
1.4881
1.11995
1.79825
1.0761
1.1864
1.07915
1.00185
1.18015
1.0181
1.06275
1.32105
1.02805
1.1103
1.07675
1.173
1.867
2.18645
1.2972
1.04365
1.07585
1.5993
1.4598
1.18525
1.8236
2.29155
1.2305
1.39695
1.0701
1.1333
1.0368
1.2366
1.0948
1.06685
1.3826
1.0225
1.203
1.0273
1.15095
1.0934
1.1866
1.0172
1.1811
1.05335
1.5202
1.0013
1.0445
1.0158
1.0135
2.00665
1.21805
1.1605
1.47605
1.69185
1.03695
1.4504
1.0594
1.7601
1.33485
1.0177
1.001
1.1301
2.01785
2.30875
1.0327
1.77755
1.51945
1.05785
1.0125
1.16015
1.02705
1.1666
1.03335
1.5874
1.15925
1.37425
1.11545
1.205
1.17035
1.00245
1.54845
1.0106
1.0325
1.266
1.26805
1.29885
1.0493
1.15265
1.0339
1.02
1.15755
1.6897
1.9832
1.29605
1.26575
1.5913
1.1842
1.328
1.39375
1.14175
1.0136
1.097
1.0445
1.04785
1.059
1.34615
1.00775
1.41105
1.02995
1.1259
1.8319
1.03405
3.62815
1.191
1.07935
1.41465
1.0535
1.7858
1.0717
1.00325
1.45375
1.6389
1.38855
1.4014
1.1134
1.28685
1.0118
1.79145
1.253
1.0951
1.0486
1.2237
1.066
1.0312
1.0178
1.5678
1.13625
1.9699
1.01105
1.91785
1.12645
1.3498
1.05095
2.0995
1.78585
1.31165
1.27345
1.2155
1.1369
1.2591
1.1323
1.57855
1.73175
1.12265
1.1434
1.4143
1.3018
1.12585
1.63455
1.00225
1.25265
1.01515
1.74765
1.06825
1.76265
1.3262
1.29875
1.4206
1.10775
1.06265
1.0758
1.608
1.40255
1.50755
1.03285
1.01265
1.01955
1.1184
1.42935
1.7721
1.1254
1.1146
2.0326
1.64315
1.07495
1.15715
2.3024
1.3528
1.13
1.2672
1.0822
1.2431
1.1351
1.03965
1.4885
1.43945
1.89915
1.1041
1.00285
1.67535
1.05925
1.28145
2.0195
2.32485
2.12695
1.63395
1.0605
1.30145
2.06695
1.05395
1.0527
1.24895
1.23615
1.43685
1.0226
1.12545
1.0149
1.02345
1.11685
1.2373
1.0244
1.7439
1.79565
1.41625
1.45565
1.9526
1.74815
1.1419
1.13855
1.0118
1.1483
1.12385
1.2819
1.91495
1.54265
1.02785
1.1937
1.0729
1.50795
1.8826
1.0677
1.19665
1.4849
1.4371
1.0984
1.53345
1.03085
1.032
1.51795
1.6019
1.00235
1.02815
1.3622
1.05815
1.05825
1.32235
1.3026
1.56975
1.2229
1.40445
1.23105
1.358
1.0732
1.3077
1.2818
1.27015
1.0553
1.0151
1.74215
1.20435
1.0838
1.812
1.2064
1.27475
1.71205
1.11245
1.1643
1.0616
1.40415
1.38385
1.4345
1.06885
1.02635
1.01645
1.0379
1.26215
1.0346
1.2432
1.43825
1.0172
1.0378
1.1098
1.17635
1.85655
1.2534
1.2161
1.0553
1.02665
1.78265
1.55825
2.0566
1.32805
1.04775
1.36185
2.3027
1.00885
1.83015
1.0059
1.347
1.2818
1.0728
2.77905
1.03725
1.00185
1.0421
1.17205
1.20405
1.50105
1.9996
1.0587
1.01975
1.68
1.20945
1.01725
1.1235
1.0015
1.16485
1.36195
2.58545
1.01305
1.4802
1.0703
1.4184
1.45845
1.22585
1.1026
1.73145
1.07815
1.73525
1.2146
1.40455
2.24705
1.12395
1.00505
1.91625
1.1194
2.0247
1.01035
1.8254
1.2716
1.1117
1.04135
1.10595
1.4441
1.14185
1.1019
1.498
1.15625
1.23505
1.28185
1.146
1.0603
1.03985
1.0662
1.99865
1.27055
2.2275
1.44035
1.31415
1.4838
1.22225
1.3838
1.69945
2.00685
1.3809
1.0495
1.0449
1.1027
1.1297
1.6703
1.0493
2.24335
2.05035
1.2108
1.0026
1.24135
1.1409
1.20535
1.30395
1.3351
1.1188
1.0439
1.00755
1.48105
1.391
1.57615
1.01525
1.02275
1.0619
1.0691
1.0917
1.0544
1.4997
1.65835
1.59655
1.80225
1.4235
1.0927
1.21775
1.01935
1.01455
1.22875
1.7595
1.31755
1.51405
1.57255
1.1846
1.45535
1.02135
1.1713
1.29935
1.17935
1.013
1.02215
1.1842
1.00045
1.1806
1.4539
1.4179
1.32565
1.75695
1.7562
1.42555
1.5576
1.6719
1.02935
1.05705
1.00085
1.5312
1.011
1.0486
1.10395
1.3562
1.2764
1.17065
1.1344
2.0041
1.07175
1.15645
1.1468
1.01505
1.05725
1.5185
1.0344
1.39915
1.00435
1.09085
1.4176
1.18335
1.3399
1.3648
1.0863
1.41895
1.02795
1.4692
1.02415
1.3559
1.26085
1.28975
1.01365
1.268
1.18805
1.0143
1.11125
1.13365
1.2987
1.0278
1.73825
1.53675
1.5311
1.05315
1.02125
1.7051
1.10215
1.27665
1.1299
1.08625
1.1731
1.38405
1.12725
1.03885
3.8817
1.05545
1.0378
1.1924
1.4362
1.1371
1.0432
1.11665
1.0088
1.0416
1.01255
1.81405
1.0045
1.11335
1.17105
1.2506
2.144
1.1103
1.03575
1.0279
1.3688
1.63615
1.03855
1.0659
1.33185
1.00125
1.1804
1.30925
1.1833
1.24795
2.53905
1.1402
1.5334
2.91135
1.28135
1.11035
1.52845
1.0129
1.09525
1.491
1.46485
1.7775
1.012
1.42855
1.19375
1.5179
1.6109
1.6856
1.2248
1.3035
1.02755
1.16235
1.0597
1.06175
1.1558
1.14915
1.1267
1.67675
1.4004
1.69605
1.089
1.02485
2.3551
1.4526
1.2014
1.0605
1.26705
1.185
1.04875
1.04295
1.1926
1.3336
1.4912
1.3266
1.3803
1.04605
1.61685
1.2991
1.03295
1.01735
1.1788
1.09825
1.38365
1.0621
1.04585
1.0401
1.0271
1.47855
1.0319
1.25015
1.1752
1.00975
1.25735
1.09595
2.20905
1.07615
1.0983
1.19455
1.51015
1.081
1.1255
1.06825
1.26025
1.1103
1.1938
1.02045
2.3645
1.0288
1.71365
1.14525
1.2165
1.102
1.17195
1.5198
1.81055
1.13285
2.3987
2.90055
1.4341
1.0805
1.04875
1.0834
2.2911
1.8145
1.0736
2.1432
1.26925
1.8385
1.14225
1.10055
1.35425
1.4372
1.2411
2.1991
1.0998
1.0406
1.44855
1.01645
1.4364
1.36765
1.05145
1.4259
1.6653
1.11805
1.2116
1.68425
1.0657
1.19655
1.37625
1.232
1.83275
1.27
1.0453
1.1353
1.0067
1.02515
1.034
1.39165
1.7404
1.01775
1.0065
1.01825
1.2203
1.38665
1.65535
1.01615
1.2354
1.0737
1.3768
2.31285
1.6938
1.09205
1.0827
1.378
2.4647
1.22325
1.3355
1.11975
1.0544
1.11945
1.1368
1.6738
1.00515
1.55545
1.1744
3.0814
1.1922
1.9321
1.08715
1.1933
1.08315
1.0342
2.02125
1.00455
1.3776
1.14795
1.031
1.172
1.19855
1.8623
1.24885
1.1277
1.02285
1.12715
1.06425
1.38785
1.00925
1.1908
1.066
1.29985
1.6523
1.37955
1.51625
1.4194
1.967
1.0491
1.2753
1.01735
1.0621
1.3455
1.4824
1.09605
1.04415
1.314
1.0083
2.4407
1.0659
2.21325
1.56115
1.19535
1.3413
1.0389
1.0215
1.19875
1.12685
1.01575
1.05255
1.5637
1.3891
2.10005
1.1036
1.3462
1.1035
1.0325
1.06665
1.68205
1.054
1.08355
2.39755
1.71515
1.1592
1.21485
1.06105
1.6473
1.0894
1.30215
1.00715
1.2646
1.4255
1.02255
1.1659
1.1476
1.0146
1.1945
1.19365
1.32445
1.05885
1.04575
1.43975
1.0285
1.0958
1.03325
1.634
1.2805
2.765
1.02595
2.3719
1.5329
3.9708
1.45885
1.1292
1.12195
1.00085
1.1828
1.00745
1.2078
1.487
1.37335
1.13655
1.22635
1.312
1.32995
1.91625
2.6363
1.19105
2.76685
1.08905
1.07585
5.48195
1.36485
2.56405
1.083
1.1082
2.17065
1.0678
1.1396
1.04215
1.12245
1.01785
1.12805
1.0564
1.1023
1.0302
1.49495
1.1729
1.00375
1.2441
1.19755
1.02185
1.0416
1.09195
1.20565
1.0508
1.10425
1.40845
1.46335
1.3701
1.5445
1.03155
1.33305
1.1364
1.22835
1.1022
1.13675
2.82575
1.01015
1.2485
1.40155
1.1054
1.08055
1.038
1.1226
1.10195
1.03675
1.10415
1.2153
1.71865
1.4089
1.1776
2.10485
1.25985
1.63075
1.72895
1.98725
1.285
1.00605
1.004
1.06945
1.39615
1.98865
1.0926
1.19105
2.7304
1.4938
1.21265
1.2286
1.1272
1.1301
1.01935
1.0212
1.12905
1.1211
1.01715
1.11315
1.2249
1.00515
2.22855
1.2887
1.01885
1.45365
1.0754
1.23905
1.5123
1.28595
1.2348
1.18675
2.6984
1.2779
1.0375
1.14115
1.11325
1.1641
1.09335
2.0049
1.13435
1.2246
1.4417
1.1153
1.49635
1.06545
1.7615
1.05525
1.05925
1.69545
1.08795
1.11025
1.3788
1.0103
1.5195
1.0292
1.52635
1.20915
1.2651
1.2282
1.9441
1.6277
1.5251
1.11665
1.10755
1.19135
1.18215
1.1524
1.38835
1.0193
1.3042
1.2891
1.06405
1.5481
1.63775
2.18135
1.39865
3.07675
1.6457
1.2611
2.20565
1.11135
1.0525
1.42805
1.03865
1.22045
1.3332
2.03725
1.20725
1.00795
1.36605
1.0403
2.272
1.0763
1.0501
1.10465
1.17825
1.35165
1.3324
1.14435
1.6012
1.1966
1.04365
1.56005
1.0242
1.1954
1.0175
1.09035
2.26825
1.1598
1.34295
3.6918
1.09975
1.80335
1.0431
2.2624
1.15985
1.9043
1.2319
1.2414
1.2835
1.66395
1.21885
1.9709
1.34955
1.40615
1.0235
1.0673
1.008
1.0191
1.47185
1.7044
1.17005
1.4071
2.0483
1.0804
1.19435
1.04465
1.02365
1.07385
1.20625
1.00075
1.74755
1.09915
1.0182
1.05955
1.02725
1.3438
1.08375
1.08245
1.1262
1.41425
1.0057
1.11985
1.41935
1.03475
1.85525
1.0285
1.22895
1.1033
1.0605
2.0854
1.78765
1.0499
1.21215
1.07595
1.1937
1.15585
1.0139
1.9354
1.06095
1.04915
2.5412
2.0703
2.5369
1.45625
1.82745
1.66235
1.3667
1.2586
1.79295
1.50495
1.0217
1.1656
2.06185
1.0082
1.30535
1.0134
1.0182
1.0828
1.04055
1.4165
1.24045
1.0338
1.65765
1.12415
1.21805
1.49545
1.0981
1.7936
1.89915
1.0037
1.1031
2.46885
2.3227
1.291
1.01755
1.08465
1.09735
1.16565
1.38585
1.04485
1.037
1.0084
1.0206
1.09565
1.3454
1.4936
1.29945
1.5839
1.1688
1.05585
1.0901
1.05715
1.0973
1.1046
1.4818
1.13075
1.064
1.51625
1.0838
1.11435
1.1565
1.08695
1.41765
1.1114
2.96725
1.11875
1.0422
1.05985
1.42705
1.3215
1.31605
1.416
1.049
1.0361
1.25105
1.1586
1.0526
1.0762
1.52375
1.00495
1.4189
1.02945
1.02125
1.00235
3.35255
1.18315
1.3029
1.086
1.3461
1.37925
1.01395
1.15135
1.2984
1.0359
1.43725
1.46725
1.28315
3.62875
1.1763
1.84415
1.004
1.45085
1.0114
1.77805
1.4216
1.13925
1.02025
1.2984
1.1086
1.24405
1.2697
1.01455
1.06495
1.19135
1.42515
1.1245
1.00945
1.014
1.1881
1.29615
1.11595
1.544
1.1184
1.66095
1.13675
1.14755
1.19935
1.35995
1.09255
1.777
2.17585
1.0042
1.00485
1.0555
1.61255
1.4046
1.06115
1.2762
1.35695
1.202
1.0243
1.26645
1.16165
1.32355
1.1887
1.12245
1.0127
1.18825
1.37115
1.99475
3.41085
2.0561
1.12195
1.0186
1.0914
1.15075
1.1116
1.0859
1.08635
1.03455
1.0512
1.1109
1.12785
1.0086
1.32
1.14825
1.40495
1.1097
2.318
1.3587
1.3832
1.0885
1.3391
1.0787
1.00255
1.0821
1.30515
1.0332
1.23955
1.5601
1.40565
1.01445
1.1422
1.3402
1.06245
1.7422
1.5998
1.31855
1.01065
1.0916
1.05445
1.59415
1.84515
1.2745
1.0206
1.2362
1.07
1.031
1.3492
1.06965
1.05545
1.814
1.12195
1.14265
1.61345
1.29695
1.04555
1.00175
1.74165
1.1519
1.42955
1.01195
1.4768
1.0284
1.06875
1.0424
1.6919
1.01525
1.23815
1.1488
1.1096
1.1186
2.4568
1.13715
1.2611
1.0696
1.06125
1.2477
1.00475
1.18495
1.2238
1.19105
1.1552
1.216
1.1567
1.16485
3.3948
1.02535
1.55205
1.38445
1.0708
1.03995
2.11645
1.18845
1.4371
1.02185
1.29535
1.4932
1.154
1.1042
1.0026
1.50615
2.29815
1.5976
1.0191
1.1968
1.22925
1.50065
1.01635
1.2713
1.40185
1.06585
1.20715
2.06125
1.20465
1.23135
1.00925
1.043
1.12355
1.38705
1.266
1.75985
1.95375
1.17165
1.0854
1.17845
1.3264
1.44825
1.1974
1.05025
1.61515
1.02285
1.06865
1.40245
1.4386
1.0019
1.8855
1.03465
1.00185
1.3048
1.5088
1.31575
1.0716
1.634
1.1923
1.49575
1.3284
1.0266
1.02385
2.42975
1.2327
1.348
1.02945
1.04685
2.0455
1.04625
1.23335
1.0105
1.07125
1.3404
1.42815
1.0197
1.04165
1.19665
1.59545
1.27
1.18865
1.0043
1.3811
1.53645
1.37225
2.29935
1.3377
1.07425
1.0505
1.2833
1.06205
1.57095
1.0133
1.03425
1.3299
1.86335
1.24235
1.35045
1.0158
1.30595
1.41935
1.07215
1.00935
1.2695
1.01175
3.3117
1.1548
1.07295
1.02705
1.96805
1.36975
1.31255
1.06785
1.2555
1.26255
1.08415
1.2922
1.24755
1.4886
1.0019
2.5834
1.19775
1.2919
2.46685
1.1683
1.2514
1.212
1.0224
1.60305
1.62565
1.40065
1.47875
1.00215
1.008
1.1061
1.1833
1.8547
1.01225
1.15945
1.56235
1.279
1.8153
1.9728
1.0767
1.01995
1.03675
1.136
1.3998
1.1892
1.60455
1.0461
1.3254
1.4883
1.0762
1.00205
1.0686
1.16725
2.0986
1.33025
1.0859
1.91985
1.2001
1.2162
1.0708
1.3755
1.1457
1.10915
1.00325
2.0925
1.07715
1.0315
1.01085
1.0213
1.27205
1.08775
1.23655
1.1421
1.0518
1.02445
1.1257
1.6043
1.02585
1.0273
1.119
1.71765
1.452
1.6363
1.9661
1.6393
1.35595
2.6642
1.4484
1.0899
1.62705
1.25725
1.03085
1.24165
1.4644
2.0555
1.14545
1.1454
1.1338
1.6436
1.2608
1.54665
1.1149
1.4662
2.1478
1.0632
1.77445
1.6759
1.12245
1.86295
1.0689
1.00095
1.00195
1.00305
1.04165
1.5653
1.029
1.25505
1.2549
1.2149
1.3336
1.0589
1.4893
1.228
1.38975
1.9562
1.2227
1.3091
1.4888
1.0416
1.0309
1.63255
1.3385
1.2478
1.0138
1.45625
1.00755
1.3994
2.42205
1.0042
1.25655
1.3193
2.19715
1.04955
1.11215
1.2434
1.14065
3.9547
1.02965
1.09495
1.2507
1.8375
1.03125
1.11815
1.87365
1.5859
1.205
1.37765
1.06915
1.7481
1.04735
1.00285
1.274
2.1606
1.11985
1.03205
1.47875
1.2108
1.11335
1.0092
2.68305
1.23325
1.0609
1.00095
1.34665
1.04505
1.1143
1.02435
1.0089
1.23795
1.1907
3.3075
1.4141
1.49715
1.1491
1.15015
1.2122
2.0944
1.8301
1.0014
2.135
1.08795
1.0181
1.015
1.03895
1.0103
1.41675
1.0221
1.1058
1.3108
1.0008
1.37815
1.0888
1.0104
3.65065
1.6585
1.01225
1.2614
1.02045
1.29795
1.21285
4.2202
1.02675
1.14915
1.11505
1.1254
1.139
1.04005
1.39815
1.1022
1.5233
2.3538
1.0641
1.1605
1.7776
1.04615
1.0375
1.76385
1.5101
1.52
2.16715
1.1252
1.20105
1.87205
1.00305
1.03785
1.35125
1.0688
1.0909
1.1409
2.358
1.4722
1.00575
1.08655
1.36745
2.02625
1.02055
1.08635
1.03105
1.93435
1.04665
1.48795
1.0856
1.1387
1.04485
1.16635
1.0815
1.14655
1.14565
1.2653
1.36865
1.01455
1.2975
1.36055
1.03265
1.1739
1.55985
1.475
1.2074
1.05455
1.03275
1.02
1.03195
1.27135
1.0398
1.0111
1.6898
1.30245
1.18085
1.056
1.18645
1.1093
1.05925
1.16035
1.12795
1.0587
1.06975
1.1225
1.017
1.07275
1.04165
1.6148
1.00475
1.09765
1.10665
1.5226
1.05495
1.242
3.03945
1.0137
2.1809
1.1322
1.2012
1.4299
1.10485
1.65425
1.1113
2.2823
1.3624
1.81405
1.0231
1.02375
1.00305
1.16895
1.51175
1.3296
1.2518
1.63775
1.08275
1.28385
1.0786
1.0846
1.18745
1.0732
1.7743
1.1606
1.0617
1.2575
1.4704
1.1119
1.8273
1.6836
1.12215
1.1746
1.5086
1.23105
1.02045
1.3971
1.1265
1.3715
1.0045
1.1446
1.0758
1.6342
1.0014
1.00365
1.25615
1.18685
1.653
1.30715
1.26855
1.2302
1.0296
1.012
1.234
1.0113
1.0784
1.32215
1.0801
1.0838
1.0088
1.07825
1.0361
1.48005
1.25905
1.18005
1.03775
1.13755
1.9382
1.61215
1.44315
1.1821
1.258
1.4295
1.3584
1.22705
1.3567
1.24015
1.05835
1.4136
1.1455
1.38285
1.0058
1.50005
1.462
1.2278
2.6889
1.36635
2.09805
1.72185
1.7251
1.11955
1.58815
1.82915
1.67025
1.6117
1.1325
1.22865
2.29625
1.2842
1.07715
1.1295
1.096
1.07055
1.71815
1.18085
1.3102
1.22205
1.12255
1.01785
1.203
1.0915
1.15815
1.4315
1.2145
1.30025
1.1105
1.27335
1.92875
1.01565
1.28985
1.01165
1.3471
1.14825
1.026
1.57935
1.019
1.0126
1.69545
1.0022
1.10365
1.04125
1.62495
1.0821
2.1591
2.0649
1.15325
1.0608
1.61505
1.2934
1.09525
1.0696
2.68115
1.1418
1.21365
1.58575
2.198
2.08935
1.06805
1.83315
1.31155
1.12355
1.0186
1.0666
1.0268
1.09095
1.29375
1.66165
1.28755
1.01585
1.08535
2.2331
1.65195
1.29245
1.07145
1.0905
2.6141
1.05425
1.37695
1.3734
1.18395
1.09765
1.29365
1.23885
1.29635
1.3471
1.43695
1.28005
1.7
1.60895
1.00435
1.0919
1.0582
1.47745
1.57235
1.10975
1.0257
1.0759
1.33295
1.1882
1.00855
1.4614
1.6037
1.6675
1.2117
1.4341
1.1407
1.16195
1.213
2.1049
1.1578
1.0046
1.01975
1.38155
1.4013
1.6707
1.0032
1.0418
2.06975
1.02015
1.24995
1.16985
1.1237
1.27865
1.0214
1.10165
1.0838
1.0114
1.0549
1.10785
1.0426
1.17495
1.1875
1.07895
1.6066
1.0538
1.0654
1.00995
1.10335
1.8596
1.15745
1.1993
1.0835
1.1681
1.03165
1.3592
1.6926
1.61155
1.0549
1.2078
1.1036
1.2659
1.86285
1.83475
1.06305
2.6982
1.41615
1.2423
1.193
1.04945
1.5244
1.1648
1.07455
1.032
1.8956
1.6717
1.29015
1.00555
1.04
1.00665
1.2542
1.02
1.1238
1.1918
1.2349
1.8545
1.08875
1.12295
1.3074
1.02385
1.3312
1.01215
1.30805
1.4377
1.08545
1.18755
1.2981
1.20055
1.21785
1.39295
1.5696
1.863
1.24265
1.1486
1.064
1.59845
1.2683
1.147
1.12755
1.2322
1.0429
1.5924
1.1803
1.0267
1.0908
1.0093
1.0277
1.4154
1.8402
1.04335
1.35985
1.0449
1.32395
1.3292
1.4161
1.01355
1.4242
1.3635
1.05495
1.0094
1.0273
2.16685
1.3759
1.38135
1.62455
1.01105
1.5834
1.0112
1.16745
2.0011
1.4064
1.05175
1.31135
1.4222
1.2226
1.0123
1.1252
1.34275
1.08435
1.27275
1.0083
1.02165
1.77175
1.00945
1.04885
1.3047
1.01695
1.8398
1.5681
1.2203
1.1054
1.63495
1.02025
1.0598
1.5404
1.00975
1.49575
3.2625
1.1568
1.3518
1.0801
1.1056
1.6392
1.1378
1.2556
1.24605
1.18515
1.209
1.0378
1.2407
1.3158
1.10605
1.30725
1.39715
1.01015
1.32335
2.1614
2.6999
1.10495
1.74795
1.7141
2.27495
1.5703
1.6307
1.19235
1.0187
1.4744
1.3091
1.5097
1.81145
1.2541
1.90335
1.15625
1.0081
1.0074
1.6849
2.1453
1.0081
2.32765
1.09035
1.60505
1.1121
1.6994
1.51135
1.2456
1.27255
1.0934
1.0132
1.68195
1.2286
1.00795
1.5118
1.40985
1.64515
1.0767
1.14455
1.5263
1.6601
1.0655
1.0666
1.07685
1.0691
1.1699
1.3645
1.3177
1.1498
1.08705
1.09445
1.04825
1.166
2.43835
1.40975
1.31175
1.80845
1.4543
1.18175
1.0936
1.0066
1.179
1.0637
1.02305
1.1679
1.183
1.07085
1.04365
1.78885
1.1592
2.74515
1.0801
1.0317
1.5795
1.07915
1.2209
1.519
1.08395
1.62525
1.90025
1.0696
1.00355
1.659
1.70605
2.11945
1.20295
2.16985
1.0109
1.2865
1.4492
1.0288
1.6687
1.7948
1.73685
1.079
1.1938
1.38235
1.20215
1.60805
1.13455
1.1727
1.07895
1.12005
2.3466
1.07825
1.2086
1.3098
1.52725
1.72325
1.56775
1.42015
1.2603
1.02515
1.2926
1.92705
1.2836
1.00515
1.0114
1.00515
2.0959
1.31065
1.41145
1.02515
1.57665
2.9719
1.3405
1.04035
1.1831
1.81545
2.43525
1.06155
1.00755
1.22505
1.10025
1.06685
1.1359
1.03835
1.02605
1.1668
1.06605
1.1972
1.526
1.06425
1.04795
1.0062
1.0207
1.6468
1.0274
1.61835
1.637
1.06035
2.04115
2.2383
1.06325
1.04265
1.0104
1.1891
1.06315
1.01925
1.29785
2.6857
1.49825
1.07835
1.35225
1.01145
2.0135
1.69175
3.4052
2.53895
1.172
1.01245
1.00655
1.49105
1.09775
1.60905
1.4714
1.03045
1.0115
1.5514
1.07585
3.20365
1.5056
1.008
1.01385
1.0558
1.4949
1.2779
1.02945
1.53655
1.3707
1.07475
1.2501
1.34435
1.67905
1.351
2.2213
1.28035
1.11425
1.5649
2.19825
1.28885
1.14005
1.73315
1.2368
1.1535
1.28545
1.51375
1.3256
1.7859
1.50225
1.0468
1.2668
1.27985
1.1055
1.0759
1.6747
4.104
1.01035
1.0656
1.09545
1.15135
1.05175
1.1412
2.08305
1.0147
1.1922
1.2093
1.0447
1.63905
1.5319
1.0304
1.01535
1.09035
1.4108
1.18385
4.80155
1.06245
1.04905
1.15605
1.1685
1.4317
1.0044
1.01125
1.21815
1.1954
1.3248
1.0089
1.5376
1.2834
1.5768
1.79375
1.5979
1.01675
1.3066
1.3058
1.01985
1.3302
2.7706
1.0887
2.67545
1.1492
1.28735
1.42615
1.03055
1.0553
1.38045
1.16695
1.36695
1.15535
2.50265
1.43655
1.14655
1.43995
1.31085
1.25425
1.03365
1.13305
1.2741
1.9125
1.02225
1.0007
2.5937
1.02045
1.0946
1.4438
2.86155
1.04075
1.01605
1.408
1.8426
1.03475
1.03805
1.04525
1.3944
1.0959
1.59865
2.31135
1.18035
1.1902
1.1182
1.0303
1.3338
2.6458
1.12135
1.0798
1.70615
1.36125
1.01115
1.0617
1.1731
1.20175
1.8167
1.214
1.35625
1.12845
1.2244
1.26475
1.12585
1.7798
1.01185
1.75025
1.01705
1.67325
1.494
1.56335
1.26205
1.55
1.0039
1.39685
1.06285
1.1464
1.3412
1.7219
1.2055
1.05075
1.0684
1.0436
2.3513
1.01495
1.0075
1.11965
1.02935
1.431
1.50295
1.02555
1.53655
1.2204
1.112
1.524
1.03235
1.0684
1.0062
1.22785
1.43145
1.5667
1.40935
1.26815
1.0498
1.0144
1.16935
1.07675
1.13655
1.45945
1.11115
1.12865
1.439
1.0144
1.2255
2.6602
1.45945
1.02505
1.52365
1.0229
1.03445
1.37245
1.10705
1.3099
1.0537
1.10395
1.0933
1.05835
1.0969
1.05435
1.08265
1.0406
1.02895
1.10525
1.1822
1.00485
1.4432
1.17635
1.0593
1.4812
1.09675
1.84955
1.14275
1.0176
1.13735
1.0572
1.7078
1.24485
1.01785
1.29455
1.23325
1.0334
1.06645
1.0155
1.60115
1.1315
1.2894
1.1074
2.4774
1.8659
1.3786
1.03215
1.0028
1.27515
1.4942
1.4488
1.2759
1.156
1.0713
1.1258
1.02225
1.0764
1.96915
1.96315
1.30955
1.06135
1.2866
1.55465
1.1985
1.4006
1.04265
1.16475
1.70255
1.0214
1.0478
1.1873
1.86345
1.07855
1.1081
1.04185
1.28165
1.0479
1.1933
1.1763
1.10765
1.15095
1.26235
1.1938
1.2022
1.07135
1.10735
2.3151
1.31345
1.17895
1.1335
1.04805
1.0462
1.08575
2.03615
1.3561
2.0316
1.4753
2.2944
2.06375
2.491
2.2506
1.1602
1.20345
1.06155
1.11725
1.04245
1.56
1.08885
1.13405
1.3463
1.0146
1.02255
1.74555
1.10365
1.0695
1.3205
1.16735
2.1089
1.59975
1.023
1.10135
2.17005
1.3948
1.55345
1.25855
1.1621
1.14855
1.09435
1.13065
1.04255
1.0861
1.74885
1.0212
1.6882
1.01205
1.03105
1.0932
1.0985
1.0663
1.08445
1.0651
1.47245
1.3273
1.58115
1.13765
1.1919
1.1181
1.0232
1.34145
1.053
1.085
1.1066
1.56635
1.14775
1.74805
1.60585
1.44115
1.3192
1.0969
1.04935
1.01665
2.56785
1.009
1.28165
1.20085
1.2434
1.35335
1.8488
1.1105
1.2721
1.12815
1.70325
1.10175
1.0509
1.0425
1.0262
1.119
1.3019
1.10955
1.06735
1.2921
1.40935
1.12605
1.4332
1.1104
1.72325
1.27595
1.33755
1.1346
1.2249
1.61575
1.1982
1.21765
1.04675
1.79985
2.45155
1.41985
1.06765
1.25075
1.4347
1.76535
2.49885
1.2148
2.17555
1.34765
1.27535
1.0916
1.05115
1.032
1.31615
1.1339
1.13085
1.2235
1.6697
1.4944
1.2437
1.50245
2.00755
1.31815
1.19365
1.4492
1.10225
1.24195
1.4002
1.0158
1.30915
1.0918
1.0055
1.07355
1.4315
1.03585
1.69255
1.0241
1.01885
1.12175
1.05905
1.05935
1.02815
1.1532
1.5492
1.3229
1.0782
1.0415
1.0546
1.058
1.00135
1.13615
1.12855
1.07925
1.0976
1.15305
1.0675
1.47435
1.58115
1.01755
1.01555
1.3184
1.09645
1.36055
1.2596
1.23065
1.7585
1.60095
1.19345
1.1381
1.6638
1.17085
1.04045
1.52965
1.00665
1.55435
1.04775
1.31935
1.98025
1.23935
1.98765
1.0448
1.9754
1.0954
1.0904
1.36305
1.01165
1.0619
1.17505
1.5025
1.8796
1.0042
1.0312
1.12475
1.4955
1.1721
1.0132
2.99395
1.60715
1.71475
1.03815
1.38465
1.3036
1.08525
1.0184
1.90935
1.05765
1.0154
1.42915
1.76835
1.083
1.0835
1.81495
1.38785
1.3259
1.4299
1.07465
1.1932
1.5194
1.38655
1.04635
1.6139
1.0291
1.75815
1.86215
1.0751
1.78475
1.00755
1.08695
1.07395
2.31275
1.0768
1.17905
1.4159
1.11015
1.2591
1.5433
1.3563
1.6908
1.0123
1.3547
1.2364
1.05345
1.3578
1.0541
1.80215
1.96285
1.04535
1.0435
1.2245
1.112
1.08295
1.0946
1.16985
1.34885
1.52135
1.01305
1.2672
1.1382
1.1134
1.0791
1.30885
1.3125
1.00165
1.58065
3.757
1.482
1.5524
1.46115
1.58935
2.37675
1.408
1.78485
1.6677
1.18805
1.13355
1.45355
1.6331
1.56505
1.6605
1.4152
1.07305
1.0751
1.1975
1.1141
1.2672
1.1598
1.20625
1.2252
1.01335
1.06925
1.7407
1.24965
1.1824
1.07855
2.8722
1.3556
1.174
1.573
1.1003
1.0468
1.1047
1.25035
1.12615
1.28635
1.11185
1.3698
1.0419
1.12645
1.39685
1.7144
1.09345
1.32815
2.07445
1.3157
1.04245
1.2849
2.00305
1.5129
1.91105
2.1009
1.1441
1.41575
1.55845
1.4321
1.2987
1.0389
1.27825
1.18835
1.12965
1.317
1.1371
1.36485
1.08275
1.0703
1.48765
1.18745
1.31645
1.48645
1.82245
1.15425
1.0863
1.06585
1.324
1.75005
1.53715
1.77215
1.2107
1.3963
1.3226
1.0439
1.24055
1.3702
1.0828
1.00845
1.5454
1.4956
1.0467
1.34505
2.6297
1.17635
1.10095
1.114
1.41945
1.5571
1.3701
1.3713
1.65625
1.25375
1.12935
1.17475
1.01185
1.0127
1.0011
1.18775
1.40225
2.15015
1.14165
1.9451
2.50465
2.2238
1.29505
1.10815
1.19335
3.9464
1.5572
1.16175
1.1453
1.01085
1.57905
1.324
1.081
1.16595
1.0485
1.1433
2.34055
1.14915
1.0636
1.16935
1.8323
1.8001
1.98515
1.28925
1.0467
1.18015
1.03405
1.1216
1.01215
1.3533
1.33375
1.54715
1.1115
1.17235
1.0025
1.7703
1.10105
1.99135
1.5877
1.03125
1.2174
1.0113
1.45515
1.66325
1.3775
1.62175
2.5787
1.26565
1.6172
1.39125
1.122
1.1019
1.10845
1.49885
2.22175
1.3875
1.1186
1.0924
1.23195
1.68725
1.169
1.3003
1.08005
1.24315
1.1319
2.01135
1.03475
1.29255
1.8658
1.6365
1.2512
1.023
1.09545
1.4552
1.2185
1.4554
1.3336
1.3543
1.01175
1.24775
1.2135
1.44265
1.32965
1.1929
2.21485
1.274
1.2413
1.1361
1.32465
1.36045
1.13475
1.336
1.10545
1.5061
1.3741
1.00085
1.39235
1.118
1.08705
1.00355
1.3479
1.10785
1.64995
1.26015
1.1684
1.328
1.74875
1.01085
1.245
1.00625
1.2038
1.00635
1.93135
1.416
1.068
1.2153
2.45415
1.1963
1.00425
1.0461
1.1508
1.4995
1.2248
1.0597
1.43005
2.5892
1.02855
1.4331
1.1605
1.8034
1.1308
1.09755
1.02115
1.96255
1.37355
1.30055
1.4667
1.03905
2.2726
1.21155
1.5525
1.25815
1.02175
1.02415
1.2345
1.22305
1.5951
2.29505
1.35975
1.4647
1.41935
1.02955
1.3301
1.29265
1.0984
1.64655
1.1112
1.21545
1.68855
2.03035
1.6185
1.02125
1.1156
1.98845
1.11095
1.0261
1.0214
2.00745
1.09925
2.4594
1.92015
1.0663
1.0989
1.03965
1.06515
1.1679
1.1193
1.15725
1.09585
1.62
1.3263
1.12055
1.19385
1.0454
2.70865
1.0157
1.26685
1.10225
1.7139
1.08925
1.0624
1.24595
1.07205
1.041
1.1225
1.8957
1.25405
1.08655
1.4625
1.4434
1.69905
1.2531
2.42315
1.43095
1.3329
1.0567
1.0955
1.6111
1.4302
1.11565
1.07735
3.796
1.1355
1.80045
1.0428
1.6267
2.27185
1.2453
1.1009
1.78595
1.0402
1.61445
1.6857
1.06445
1.66445
1.38705
1.4329
1.00765
1.01265
1.9672
1.39135
1.08815
1.1712
1.20645
1.17485
1.08955
1.2336
1.0063
2.32535
1.07405
1.0992
1.33045
1.8714
1.2574
1.17925
1.02135
1.0268
1.3547
1.1176
1.02395
1.3321
1.0324
1.01265
1.0055
1.03855
1.0642
1.65345
1.12595
1.01185
1.23205
1.5793
1.30905
2.6026
1.107
1.00185
1.01925
1.38705
1.32675
1.444
1.3596
2.93125
1.5969
1.01755
1.4036
1.32585
1.1357
1.05835
1.07355
1.27845
1.0886
1.1764
1.5933
1.18935
1.00895
1.0874
1.0449
1.228
1.12865
1.1133
1.05825
1.20495
1.10045
1.10665
1.09395
1.3317
2.0413
1.10855
1.19495
1.1722
1.08655
1.41805
1.1675
1.24325
1.02515
1.52825
1.0577
1.09325
1.06085
1.10565
1.567
1.8807
3.049
1.8973
2.32665
1.08245
1.4069
1.2893
1.74455
1.06785
1.2363
1.0122
1.1372
1.0264
1.0782
1.042
1.2619
1.1601
1.89085
2.09105
1.01045
1.06765
1.34075
1.0279
1.0283
1.15505
1.0236
1.08775
1.0393
1.0944
1.06005
1.05585
1.05525
1.18755
1.17795
1.56765
1.33335
1.1733
1.11975
1.0438
1.0463
3.425
1.3883
1.5397
1.15025
1.1031
1.61505
1.0268
1.7277
1.4056
1.0073
1.13855
1.0678
1.15585
1.2016
4.8406
1.10375
1.0188
1.18445
1.0809
1.0084
1.00085
1.24605
1.00815
2.52535
1.0135
1.28975
1.65165
1.21525
1.1324
1.25045
1.01045
2.12705
1.20555
1.1041
2.63795
1.2399
1.3489
1.069
1.08455
1.0342
1.46055
2.2372
1.1134
1.8021
1.37975
1.44135
1.93035
1.03785
1.6324
1.2977
1.02365
2.1353
1.22695
1.80265
1.1387
1.48535
1.3024
1.10395
1.2914
1.3486
1.05025
1.1406
1.2365
1.14725
1.03155
1.18045
1.03295
1.31095
1.5235
1.0798
1.4363
1.1909
1.1825
1.3201
1.19495
1.3521
1.0273
1.0421
1.8061
1.6297
1.21625
1.22285
1.07895
1.0153
1.10785
1.53635
1.19885
1.21415
1.2025
1.1199
1.4009
1.4285
1.52345
1.25145
2.189
1.34075
1.1128
1.0206
2.21675
1.0542
1.35005
1.0159
1.4808
1.42395
1.07145
2.10895
1.0602
1.93865
1.23215
1.0122
1.28675
1.02285
1.05205
1.0474
1.39335
1.02635
2.5684
2.11065
1.58825
1.7632
1.94595
1.0692
1.171
1.03945
1.4017
1.569
1.93775
1.01605
1.10795
1.04085
2.0305
1.03245
1.3612
1.06725
1.21755
1.61395
1.93965
1.32485
1.26295
3.1502
1.1877
1.4897
1.09395
1.6404
1.1519
1.50225
1.1273
1.02765
1.02395
1.06605
1.7333
1.0781
1.0284
3.00305
1.03685
1.39395
2.044
1.0894
1.21705
1.0108
1.02475
1.03425
1.13675
1.0701
2.39665
1.02815
1.25345
2.0137
1.4355
1.1442
1.00425
1.07875
1.0224
1.159
1.53095
1.5043
1.35055
1.08995
1.13025
1.10805
1.08885
1.54455
2.1453
1.0764
1.18695
1.72615
2.28145
1.03415
1.26895
1.56925
1.2343
1.0091
1.1798
1.42755
1.00865
1.9701
1.2159
1.02775
1.0899
1.1226
1.2587
1.12855
1.35255
1.1536
1.33575
1.14775
1.0976
2.516
1.41555
1.16925
1.7409
1.2902
1.16245
1.0454
1.06915
1.05035
1.2994
1.8364
1.02865
1.6327
1.0238
1.2569
2.05625
1.0448
1.18505
1.0526
3.22795
1.07875
1.1114
1.28
1.23765
1.1748
1.0319
1.15505
1.1171
1.59935
2.10045
1.3065
1.15665
1.0829
1.27595
1.4593
1.1648
1.6684
1.09555
1.66035
1.0891
1.32635
1.58155
1.7167
1.0233
1.5023
1.52925
1.90125
1.07905
1.26725
1.88795
1.2084
2.00095
1.33935
1.8728
1.42105
1.6162
1.09275
1.3653
1.28115
1.011
1.0672
1.57015
1.36345
1.24835
1.12335
1.60975
1.12165
1.07265
2.9954
1.01885
1.60685
1.88075
1.27635
1.28905
1.44825
1.007
1.30605
1.0551
1.23685
1.0508
1.603
1.08625
1.3891
1.01075
1.00125
1.5558
1.1746
1.37195
2.44285
2.4474
1.1982
1.0092
1.5221
1.25215
1.23305
1.5322
1.696
1.60745
1.09705
1.04995
1.2416
1.0097
1.2107
1.24605
1.20475
1.61685
1.5668
2.68095
1.23645
1.22765
1.08635
1.0389
2.3549
1.1096
1.2033
1.0861
1.5461
2.0081
2.05765
1.08425
1.00575
1.48435
1.09315
1.42185
1.30795
1.21005
1.3896
1.0226
1.1993
1.15215
1.03685
1.01295
1.2881
1.0424
1.54685
1.11455
1.671
1.46905
1.68405
1.42405
2.28145
1.02275
1.0085
1.03645
1.0859
1.10955
1.6117
1.0096
1.0962
1.1324
1.66435
1.5062
1.2897
1.0305
2.4717
1.0527
1.00595
1.05425
1.04435
1.2243
1.02
1.2831
1.3038
1.45505
1.0093
1.5606
1.52655
1.19955
1.04535
1.82985
1.26095
1.3202
1.00995
1.17285
1.6964
1.10335
1.04355
1.0628
1.01125
1.69615
1.16965
1.2057
1.0093
1.0952
1.32765
1.4727
1.13295
1.02715
1.00625
1.1314
1.57405
1.7215
1.0129
1.0439
1.125
1.272
1.30505
1.2661
1.00535
1.63425
1.01665
2.9096
1.2055
1.289
1.608
1.0584
1.0179
1.07105
1.16275
1.01155
1.8835
1.2972
1.27755
1.25385
1.0608
1.0729
1.0513
1.0495
1.28135
2.4149
1.17305
1.719
1.0029
1.04075
1.03525
1.9573
1.24385
1.2661
2.99125
1.0562
1.59025
1.0192
1.84715
1.45605
1.6017
1.9338
1.08575
1.5305
1.2395
1.1339
1.7709
1.5865
1.6526
1.0145
1.29775
1.08555
1.27835
1.4585
1.86835
1.3222
1.0566
1.02225
1.96165
1.0087
1.13615
1.0914
1.6276
1.1255
1.0541
1.08465
2.1379
1.22175
1.1756
1.4139
2.22345
1.37005
1.0539
1.03465
1.06745
1.88505
1.0078
1.21285
1.0878
1.16755
1.36445
1.4327
1.04305
1.2172
1.27085
1.1069
1.00965
1.1262
1.02545
1.1454
1.045
2.1944
1.0951
1.01025
1.8048
1.0315
1.37205
1.22655
1.14625
1.47715
1.01035
1.08985
1.37105
1.39415
1.0138
1.09205
2.3003
1.00455
2.40755
1.60215
1.01815
1.0641
1.128
1.086
1.3444
1.53855
1.1252
2.41385
1.0351
1.08755
1.1918
1.17735
1.04755
1.8224
2.7505
2.1316
2.2825
1.004
1.034
1.13355
1.09565
1.3054
1.1337
1.1238
2.60735
1.2223
1.45725
1.0424
1.79955
1.09405
1.18665
1.2353
1.4773
1.00555
1.34845
1.4395
1.48165
1.4235
1.38325
2.0046
1.00395
1.65065
1.0974
1.4194
1.2556
1.32805
1.12355
1.31525
1.2968
1.6483
1.7011
1.3577
1.69135
1.1047
2.43415
1.2518
1.7136
1.07645
1.2371
1.00435
1.05435
1.0907
1.0139
1.03265
1.02955
1.09925
1.0617
1.5118
1.0203
1.03745
2.08645
1.0697
1.3124
1.36235
1.8012
1.5438
1.13785
1.0162
1.1624
1.0052
1.2953
1.0629
1.4966
1.61125
1.2224
1.1076
1.016
1.3557
1.07945
1.0027
1.00445
1.47585
2.01
2.2155
1.0522
1.2704
1.33825
1.0407
1.0395
1.0264
1.89445
1.4137
1.00175
1.68195
1.16395
2.225
1.91795
1.5155
1.4177
1.85505
1.42545
2.22795
1.06455
1.1421
1.3001
1.0946
1.0047
1.6381
1.94955
1.0121
1.23865
2.4965
1.07635
1.26345
1.03445
1.0038
1.838
1.60585
1.3582
1.1516
1.04105
1.04695
1.07655
1.0869
1.0099
1.12825
1.41495
1.0225
1.00765
1.5733
1.86415
1.3461
1.01935
1.01835
1.36045
1.60405
1.0281
1.5972
1.08695
1.2927
1.0183
1.0752
1.22325
1.61875
1.2299
1.00785
1.4638
1.3677
1.6623
1.0745
1.03125
1.14625
1.00815
1.0272
1.07525
1.11685
1.1258
1.2795
1.07215
1.48665
1.2615
1.1445
1.075
1.05265
1.06685
1.05755
1.76365
1.0231
1.4061
1.07635
1.1265
1.0017
1.7649
1.58985
2.11625
2.95455
1.62435
2.0822
1.59285
1.34325
1.20285
1.51695
1.2294
1.0695
1.04205
1.00525
2.49
3.7818
1.4844
1.03555
1.28235
1.04415
1.07675
1.05655
1.1523
1.34065
1.57175
1.0752
1.20305
1.0475
1.03315
1.2377
1.00195
1.0138
1.02085
1.04485
1.15655
1.0059
1.108
1.0013
1.2512
1.0099
1.171
1.0015
1.0941
1.1899
1.25145
1.0392
1.0054
1.0185
1.01475
1.2585
1.44725
1.90295
1.3663
1.31455
1.27775
1.159
1.0066
1.3695
1.04115
1.61895
2.03745
1.25115
1.01455
1.17815
1.1139
1.07235
1.03305
1.476
1.04995
1.1038
1.9075
1.04375
1.0357
1.0342
1.0326
1.0297
1.02075
1.25225
1.08285
1.0578
1.237
1.00975
1.0059
1.12235
1.0096
1.08905
1.02085
1.3604
1.65665
1.07965
1.04975
1.04525
1.1511
1.34695
1.0065
1.11895
2.1662
1.13245
1.19425
1.5071
1.08915
1.6693
1.10425
1.60235
3.4067
1.4443
1.0428
1.1783
1.4805
1.0661
1.0522
1.3333
1.253
1.4297
1.0272
1.06165
1.04655
2.15855
2.03105
1.0475
1.02735
1.5894
1.0755
1.2405
1.377
1.20705
1.44
1.0149
1.1031
1.1407
1.46135
2.7707
1.56155
2.3316
1.17045
2.0665
1.508
1.07
1.01795
1.8142
1.4386
1.38195
1.00715
1.07665
1.14325
1.03595
1.0311
1.15325
1.68205
1.9182
1.35465
1.4072
1.0062
1.07985
1.3924
1.17145
1.09395
1.20195
1.08675
1.2374
1.0736
1.09745
1.4308
1.069
1.4803
1.27055
1.07515
1.01005
1.0103
1.00665
1.51045
1.0035
1.0296
1.69965
1.5401
1.8724
1.311
1.10645
1.18515
1.02725
1.2437
1.15875
1.1475
1.8669
1.0038
1.1485
1.00635
1.1032
1.37415
1.05705
1.1101
1.2253
1.47065
1.24945
1.0969
1.38185
1.2398
1.2985
3.0633
1.05035
1.0882
1.4415
1.01005
1.16445
1.07135
1.5692
1.54315
1.31985
4.0207
1.25705
1.0376
1.26035
1.63995
1.89815
1.20865
1.02025
1.05175
2.01765
1.0908
1.0202
1.01405
1.005
1.2667
1.45075
1.2866
1.029
1.10325
1.22445
1.06555
2.3016
1.0749
1.5988
1.01095
1.1475
1.7153
1.19125
1.1757
1.0066
1.85975
1.4429
1.14255
1.02655
1.25685
1.1614
1.00755
1.0139
1.05275
1.021
1.00395
1.04945
1.024
1.61995
2.03825
1.0149
1.0347
1.32405
1.0265
1.01645
1.1989
1.13335
1.37555
1.5454
1.2264
1.54665
1.4848
1.6959
1.2143
1.0218
1.1693
2.97745
1.041
1.3299
1.0559
1.0531
1.2951
1.40365
1.42105
1.2461
1.0306
1.0209
1.136
1.05125
1.4112
1.50765
1.48855
1.011
1.1771
1.00315
2.0165
1.23045
1.4281
1.3305
1.2387
2.85045
1.01155
1.03475
1.03215
1.63005
1.46655
1.1282
1.2064
2.25765
1.82945
1.2036
5.88145
1.45895
1.00845
1.0087
2.33115
1.0066
1.2435
1.0433
2.068
1.0171
1.04495
1.1518
1.1136
1.0154
1.1926
1.0239
1.0028
1.08735
1.0088
1.3563
1.04285
1.4455
1.8396
1.938
1.2596
1.0358
1.00875
2.8062
1.16905
1.3101
1.0075
1.00945
1.32405
1.0762
1.0077
1.0226
1.3839
1.13485
2.85785
1.37795
1.03005
1.011
1.01505
1.1776
1.15335
1.1773
1.1743
1.0194
1.0721
1.03015
1.0675
1.021
1.0073
1.1729
1.0321
1.78685
1.2449
1.0087
1.5249
1.3965
1.52475
1.4734
4.0386
1.2104
1.4927
1.08875
1.4342
1.386
1.01425
1.141
1.1387
1.2689
1.06195
1.03225
1.1009
2.39435
1.37215
1.1326
1.328
1.0539
1.55885
1.08685
1.89135
1.01065
1.21225
1.0015
1.97985
1.05665
1.17035
1.03535
1.24345
1.41055
1.07585
1.53265
1.00635
1.0174
1.32735
1.416
1.6571
2.51885
1.0403
2.2204
1.5289
1.2496
1.2168
1.03975
1.0959
1.0054
1.08795
1.26555
1.2533
1.08185
1.03385
1.73495
1.34675
1.14235
1.159
1.9934
1.17
1.06435
1.0301
1.00355
1.0631
1.44995
1.0491
1.4222
1.0135
1.1099
1.83795
1.60485
2.0546
1.42495
1.0928
1.59715
1.09785
1.728
1.1641
2.26255
1.3377
2.5507
1.27435
1.53385
1.66655
1.0546
1.40205
1.08015
1.85925
1.1748
1.3276
1.03425
2.5606
1.24885
1.0264
1.60565
1.1474
1.3459
1.1017
1.19385
1.6497
1.41365
1.0125
1.00585
1.2636
1.03545
2.06345
1.01625
1.1273
1.82315
1.5287
1.57935
1.0095
1.00565
1.0083
1.4593
1.2562
4.5099
1.47595
1.0176
1.1525
1.28325
1.30415
1.2275
1.3426
1.08985
1.2777
1.06955
1.4045
1.10765
1.0617
1.2768
2.0923
1.0076
1.01045
1.15115
1.0778
1.1176
1.0198
1.03265
1.3449
1.01845
2.4299
1.5564
1.04725
1.0337
1.39385
1.2654
1.07575
3.2174
1.53885
1.2543
1.09605
1.7288
1.24015
1.0045
2.1789
2.10995
1.5329
1.2377
1.58625
1.0507
1.69005
1.1632
1.32025
1.31355
1.052
1.0419
1.22185
1.01805
1.0543
2.36895
1.30005
1.2601
1.035
1.12405
1.46175
1.5341
1.17845
1.1918
1.0136
1.0115
1.2542
1.01815
1.0046
2.29215
1.2682
1.52695
1.2281
1.0141
1.36325
1.258
1.79715
1.37075
1.4921
1.1096
2.2565
1.1785
1.09425
2.41065
1.0831
1.7129
1.22825
1.0044
1.0341
1.4825
1.5463
1.39125
1.21115
1.7408
1.05375
1.18405
1.061
1.015
2.06915
1.09275
1.0162
1.01855
1.02585
1.09025
1.54435
1.29475
1.0021
1.049
1.87635
1.9131
1.42375
1.34185
1.88915
1.35735
1.37645
1.05735
2.2348
1.48585
2.4848
1.23225
1.0222
1.42335
1.29725
1.6891
1.0757
1.01405
2.0496
1.67595
1.15145
1.1187
1.17655
1.4132
1.2179
1.11305
1.66465
1.5992
1.00265
1.74105
1.01735
1.4708
1.0115
1.0072
1.3367
1.36235
1.16075
1.76555
1.0206
1.3511
1.35195
1.1481
1.0682
1.00605
1.37295
1.6501
1.40535
1.14065
2.3775
1.34395
1.6225
1.0483
1.0869
1.23715
1.1996
1.72855
1.7705
1.02725
2.1585
1.18535
1.0616
1.49255
1.0909
1.03225
2.9655
1.01535
1.2045
1.87475
1.0082
1.2656
1.0152
1.04015
1.1854
1.1546
2.3884
1.50745
1.00135
1.03045
1.01305
1.5336
2.6215
1.44895
1.60795
1.6864
1.04655
1.48985
1.06555
1.2721
1.0112
1.63225
1.0347
1.1044
1.02685
1.34965
2.4502
1.01285
1.2635
1.06305
1.0291
2.71445
1.71945
1.0473
1.4235
1.1536
1.1687
1.3398
1.8811
1.939
1.4285
1.7788
1.23105
1.24565
1.1797
1.04635
1.04065
1.1693
1.2517
1.2055
1.24395
1.0304
1.3819
2.4073
1.3139
1.0181
1.73225
1.2966
1.2147
1.53145
1.26265
1.00995
1.12395
1.08895
1.38355
1.24375
1.4404
1.42855
2.11775
1.02265
1.06025
1.42475
1.0902
1.2509
1.0332
1.2423
1.1147
1.08215
1.559
2.19145
2.74165
1.7654
3.0186
1.0069
1.16265
1.69405
2.0796
1.28785
1.73095
1.3283
1.9674
1.53565
1.17595
1.39605
1.29825
1.06105
1.0166
1.0285
1.1728
1.0764
1.6108
1.0078
1.675
1.3093
1.12825
1.056
1.00105
1.21955
1.6849
1.1453
1.1171
1.8113
2.0139
1.394
2.57505
1.13735
2.0444
1.12445
1.764
1.25435
1.6804
1.04475
1.0128
1.02975
1.68765
1.40525
1.2061
1.06265
1.16875
1.04305
1.00295
1.01695
1.30585
1.1175
1.9068
1.07395
1.73655
1.3863
1.05465
1.0147
1.43885
1.132
1.5379
1.0148
1.1253
1.44555
1.086
1.8477
1.1664
1.14005
1.0181
1.2034
1.04325
1.04235
1.1643
1.99635
1.46585
1.11835
1.37625
1.6675
1.93275
1.0125
1.0071
1.3087
1.73085
1.1853
1.01545
1.57225
1.09195
1.2325
2.24025
1.24555
1.14255
1.01205
1.1621
1.23425
1.19545
1.9471
1.4912
1.37365
1.0873
1.1598
1.6878
1.6319
1.0924
1.11
1.0903
1.4304
1.26035
1.3923
1.1536
1.3132
1.003
1.61965
1.95765
1.0046
1.07165
1.14945
1.48725
1.3992
1.0261
1.60875
2.73995
1.2217
1.4675
1.2903
1.78775
1.2803
1.65515
1.33355
1.3084
1.4475
1.08265
1.9063
1.0695
1.7761
1.1115
1.8497
1.4396
1.23915
2.6427
1.3296
1.0069
1.04175
1.01665
1.35175
1.31625
1.06265
1.3905
1.00685
1.1018
1.1059
1.4617
1.26395
1.3506
1.01085
1.76125
1.02135
1.59005
1.18485
1.1876
1.0303
1.03085
1.15715
1.08935
1.2967
1.5929
1.2763
1.00125
1.0547
1.0064
1.50255
1.349
1.1349
1.1783
1.27105
1.21185
1.1604
1.9039
1.19475
1.20185
2.06375
2.0828
1.7797
1.0977
1.11235
1.64725
1.19825
1.66625
1.1567
1.48205
1.747
1.0428
1.00515
1.0415
1.06405
1.7987
1.67305
1.14435
1.0368
1.01
1.2423
1.48215
1.0655
1.03685
2.1914
1.0719
1.08855
1.54985
1.09315
1.0688
2.7788
1.32975
1.0013
2.09125
1.4677
2.3727
1.25345
1.2862
1.16505
1.0082
1.0089
1.00485
1.01815
1.08635
1.5128
1.9908
1.69205
1.6775
1.80325
1.0414
1.9037
1.20695
1.32905
1.02805
1.24445
1.15765
1.7314
1.26555
1.2065
1.6435
1.02155
1.0546
2.29905
1.23915
1.4378
1.21315
1.3489
1.1686
1.07535
3.25685
1.07475
1.7413
1.011
1.14995
1.3176
1.09015
1.14945
1.76395
1.00605
1.2542
1.3218
1.2177
1.0037
1.23925
1.0802
1.3783
1.38545
1.0426
1.11825
1.03165
1.3127
1.16015
1.232
1.19275
1.59175
1.07
1.01365
1.0177
1.20695
1.28315
1.41995
1.19505
1.1566
1.2188
2.4044
1.01105
1.34615
1.0066
1.8286
1.5206
1.38955
1.56455
1.5692
1.4045
1.29075
1.00605
1.0646
1.56415
1.58215
1.1411
1.4945
2.2077
1.599
1.4398
1.0085
1.00315
1.00155
1.36885
1.12345
1.38955
1.0575
1.30915
1.44455
1.27985
1.156
1.87015
1.1084
1.1667
1.9438
1.03175
1.38945
1.72715
1.2918
1.23105
1.7272
1.5144
1.29675
1.92755
1.07115
1.28195
1.13705
1.6676
1.24275
4.45255
1.09345
1.12295
1.26295
2.18725
1.77835
1.17825
1.05235
1.1419
3.482
1.0058
1.00505
1.0138
1.381
1.27955
1.20905
1.10755
1.08805
1.3465
1.0876
1.3663
1.0157
1.1942
1.3752
1.0267
1.1393
1.49475
1.14755
1.146
2.8372
1.72605
1.7042
1.52925
1.03985
2.22365
1.12055
1.13535
1.1447
1.01165
1.06825
1.0425
1.1101
1.05335
1.0313
1.2025
1.0177
1.399
1.1717
1.0979
1.05945
1.11525
1.13045
5.78985
1.37785
1.00135
1.0772
1.64965
2.50465
1.2762
1.5339
2.86585
1.7995
1.22865
1.4238
1.5303
2.00685
1.35185
2.0707
1.5377
1.28975
2.59895
1.15585
1.15325
1.11125
1.5592
1.21695
1.30545
1.36555
1.1161
1.128
1.6635
1.04735
2.65665
1.25365
1.476
1.4108
1.2362
1.36885
1.20845
1.0046
1.76005
1.7092
1.20195
1.66815
1.07665
1.02445
1.09315
1.1532
1.0141
3.4919
1.14185
1.1969
1.47895
1.0413
1.53655
1.0028
1.1422
1.1871
3.7576
1.33695
1.7242
1.0311
1.56445
1.2184
3.00645
1.36245
1.1237
1.8327
1.01395
1.1186
2.83735
1.39025
1.1026
1.74635
1.7557
1.1687
1.4363
1.01945
1.098
1.19415
1.24325
1.75745
1.0934
1.5478
1.05905
1.08805
1.4491
1.36995
1.58215
1.3846
1.4697
1.04355
1.0088
1.3
1.69595
1.04665
1.018
2.53525
1.5169
1.1104
1.1767
1.28835
1.185
1.1357
1.02835
1.46355
1.2544
1.01545
1.08585
1.1135
1.5503
2.6121
1.20385
1.10765
1.11505
1.55615
1.52195
1.0734
1.7814
1.0081
1.06905
1.12175
1.12855
1.934
1.3388
1.344
1.3453
1.10385
1.46745
1.2347
1.3012
2.01655
1.07485
1.3947
1.0195
1.22215
1.01625
1.3291
1.33765
1.31325
1.2465
1.86835
1.2451
1.37025
1.6869
1.08305
1.05585
1.0417
1.0345
1.2571
1.44445
1.5714
1.24685
1.27655
1.2551
1.06085
1.04395
1.52485
1.45975
1.5546
1.16105
1.1205
1.948
1.1861
1.3857
1.20815
1.05385
1.71705
2.47235
1.2642
1.0832
1.14035
1.0885
1.05625
2.0403
1.00725
1.4808
1.0054
1.0869
1.06955
1.11945
1.0691
2.0828
2.08905
1.14875
1.016
1.00405
1.07515
1.264
2.2843
1.07685
1.67025
1.42885
1.2097
1.0129
1.57245
2.87395
1.1979
1.86095
1.0237
1.30575
1.6768
1.21305
1.08195
1.0012
1.23635
1.42665
1.13585
1.00315
1.45265
2.0099
1.13915
1.2397
1.54385
1.85455
1.3434
1.0377
1.1256
1.9664
1.0513
1.2604
1.0119
1.1949
1.22165
5.2617
2.0409
1.01875
1.5593
2.3951
1.53215
1.08685
1.86165
1.44635
1.70655
1.05175
1.1659
1.0824
1.0588
1.0393
1.2684
1.4306
1.0777
1.44135
1.09985
2.52625
1.84105
1.0475
1.32055
1.2112
1.1039
1.34325
1.1142
1.22065
1.49215
1.666
2.6509
2.1806
1.30225
1.099
1.05745
1.30435
1.4517
1.0845
2.8096
1.2534
1.07355
1.0512
1.307
1.12915
1.15915
1.23345
1.16485
1.2264
1.3707
1.0231
1.27665
1.7111
1.00515
1.7002
4.11365
1.04165
1.14585
1.1751
1.08085
1.43345
1.5219
1.0273
1.24975
1.0568
1.8815
1.09395
1.2383
1.09475
1.1474
2.42185
1.1214
1.12895
1.30605
1.0466
1.7507
1.08725
1.0949
1.43285
1.81065
1.00875
1.0954
1.12375
3.29035
1.04415
1.05715
1.7743
2.07305
1.39775
1.7241
1.09535
1.1644
1.264
1.72085
1.2361
1.69615
1.09375
1.2541
1.17545
1.1353
1.06725
1.3135
1.0864
1.2955
1.6675
1.3278
1.02635
1.9769
1.09465
1.1976
1.0044
1.0837
1.21905
1.3711
1.12255
1.98795
1.1075
1.08215
1.0904
1.2966
1.0908
1.2383
1.91205
1.26895
1.01745
1.1329
1.80815
1.3628
1.4812
1.14965
2.2639
1.95325
1.0446
1.13765
1.19375
1.02255
1.21255
1.47845
1.0946
1.6193
1.1962
1.1982
1.0028
1.4249
1.008
1.051
1.0473
1.29755
1.3365
1.0102
1.239
1.8081
1.8565
1.31445
1.0544
1.4331
1.7404
1.66255
1.26515
1.2445
1.04935
1.1043
1.0062
1.07735
2.059
1.02225
1.2033
1.11765
1.2494
1.00605
1.1516
1.01345
1.14135
1.11425
1.4266
1.06775
1.03775
1.1245
3.32245
1.27605
1.4139
2.2117
1.1098
1.5352
1.01105
1.0494
1.47675
1.39525
1.64105
1.1481
1.3795
1.53865
1.11065
1.14265
1.24615
1.16295
1.1818
1.34105
1.0937
1.0506
1.0529
1.3781
1.84565
1.3594
1.1431
1.0338
1.3915
1.1235
1.30535
1.32435
1.17205
1.6003
2.01685
1.1313
1.03735
1.22695
1.11125
1.3386
1.3064
1.14685
1.11305
1.36335
2.3796
1.2718
1.60695
3.0508
1.6207
1.1463
1.2707
1.3411
1.1571
1.3756
1.08885
1.04615
1.8252
1.00415
1.1196
1.38255
1.11345
1.55115
1.98265
1.0822
1.3297
1.0897
1.64805
1.0073
1.1404
1.0772
1.2326
1.0688
1.1098
1.8188
1.07425
1.00105
1.8586
1.18575
1.0062
1.04875
1.0084
2.2329
1.00875
1.0112
1.5603
1.12235
1.2133
1.69545
1.6076
1.02715
1.09335
1.49815
1.15075
1.19455
2.06825
1.0057
1.0509
1.0624
1.07265
1.01275
1.00245
1.65595
1.5673
1.0115
1.0082
1.21965
1.06895
1.40485
1.42485
3.0574
1.1146
1.0965
5.2467
2.14715
1.21745
1.05145
1.2421
1.03305
1.54705
1.12055
2.0136
1.68155
1.16805
1.6957
1.0257
1.38175
1.21435
1.07345
1.1749
1.60165
1.0893
1.1229
1.02485
1.22045
1.624
1.09
1.05045
3.0032
1.3177
1.0218
1.02965
1.577
1.27625
1.13635
1.0423
1.1629
2.41645
1.2947
2.87125
1.43775
1.00395
1.5791
1.6845
1.0283
3.21335
1.0033
1.5742
1.17505
1.33485
1.1167
1.34595
1.8308
1.58695
1.1797
1.04635
2.06935
1.0468
1.12415
2.3783
2.82505
2.3191
1.3662
1.62675
1.3014
1.1339
1.3937
1.0597
1.0481
1.46915
1.21255
1.167
1.0742
1.17025
1.5838
2.06385
1.2611
1.0346
2.1972
1.43585
1.1239
1.00705
1.08965
1.16565
2.0088
1.07555
1.47145
1.1049
1.67595
1.23845
1.26115
1.13375
1.1214
1.2728
1.0819
1.47255
1.2868
2.4719
1.17715
1.12005
1.9707
1.5762
1.182
1.3074
1.09925
2.0122
2.9666
1.15495
1.10275
1.1845
1.15475
1.3677
1.43225
1.5924
1.63185
1.4872
1.1414
1.08735
2.27795
1.01845
1.2015
1.8093
1.39675
1.22755
1.00895
1.08645
1.5428
1.73925
2.1667
1.5542
1.64885
1.0623
1.04255
1.162
1.14745
1.1212
1.158
1.36585
1.22025
1.3316
1.3658
1.2261
2.13325
1.6119
1.08015
1.5612
1.0366
1.1705
1.2332
1.03845
1.0803
1.061
1.041
1.44425
1.6892
2.02685
1.801
1.0172
1.19615
2.60215
1.35185
1.0504
1.03695
1.1355
1.18545
1.08665
1.0709
2.54255
1.007
1.2096
1.64855
1.29115
1.07645
1.0139
1.0238
1.1458
1.06265
1.0089
1.5553
1.00655
1.1699
1.2432
1.13735
1.13245
1.22315
1.0765
1.22505
2.1432
1.72075
1.6173
1.7378
1.0583
1.0986
1.8407
1.224
1.003
1.0938
1.46195
1.4213
1.2549
1.27425
1.0611
1.37795
1.41365
1.1826
1.42825
1.036
1.3173
1.60295
1.318
2.5256
1.214
1.64535
1.4897
1.40965
1.7397
1.91625
1.2174
2.1613
1.14945
1.32065
1.33655
1.16775
1.29615
1.10415
1.6426
1.9515
1.1707
1.00825
1.08705
1.37655
1.69435
1.14285
2.73295
1.10955
1.29075
1.69805
1.3851
1.0483
1.3414
1.0154
1.51175
1.57365
1.09015
1.18425
1.0807
1.227
1.27
1.1294
1.139
1.11585
1.03185
1.0358
1.07455
2.82395
1.09385
1.4924
1.34085
1.06035
1.31915
2.2615
1.02715
1.0758
1.0592
1.8239
1.8427
1.4153
1.01325
1.111
1.1058
1.13525
1.72945
2.1301
1.50465
1.706
1.7468
1.09195
2.077
1.0634
1.45585
1.21525
1.4217
1.14945
1.1235
1.3788
1.6439
1.12565
2.1666
1.70405
1.60035
1.63055
1.151
1.02725
1.10435
1.05035
1.05825
1.11475
1.1846
1.27275
1.8525
1.9067
1.183
1.0648
1.65575
1.18605
1.01475
1.0525
1.0072
1.07505
1.0882
1.40705
1.00195
1.0304
1.4771
1.357
1.4931
1.04945
1.3763
1.0268
1.0514
1.5443
1.11595
1.1008
1.09735
1.0359
1.093
1.1816
1.15305
1.3089
1.64875
1.21945
1.42465
1.4041
1.21055
1.38585
1.63195
1.0635
1.0009
1.0799
1.0903
1.619
1.01625
1.21615
1.08935
1.20155
1.16135
1.25545
1.0014
1.1896
1.17575
1.01255
1.11835
1.33845
1.8989
1.01805
1.0031
1.0802
1.9137
1.23895
1.2541
1.65135
1.37575
1.0255
1.13145
1.08195
1.44895
1.40745
1.19505
1.1019
1.13465
1.32875
2.8426
1.40285
1.21375
2.59045
1.24515
1.06805
1.13165
1.87045
1.0403
1.16745
1.48065
1.6785
2.07755
1.0778
1.00925
1.22545
1.24275
1.3046
1.33375
1.81235
1.3477
1.0504
1.8593
1.10945
2.53875
1.05215
1.0377
1.86755
1.14265
1.3269
1.4576
1.17805
2.69445
2.2437
1.3008
1.2291
1.84935
1.01465
1.5186
1.086
1.4234
2.67995
1.11195
1.111
1.29315
1.38615
1.05785
1.4826
1.0794
1.35475
1.09215
1.10625
1.66795
2.8216
1.3111
1.2309
2.01925
1.645
1.3517
1.10245
1.04805
1.0279
1.29935
1.04805
1.2455
1.10165
1.3038
2.6385
1.0875
1.28355
1.39085
1.0038
1.0797
1.58405
1.04695
1.1099
1.14345
1.23015
1.52125
1.249
1.91365
2.54785
2.22565
1.10025
1.1068
2.35735
1.246
1.2632
1.8033
1.05635
1.078
1.48915
1.0113
1.3729
1.362
1.1698
1.42995
1.50265
1.9494
2.18595
1.2152
1.7571
1.19955
1.1465
1.65595
1.15535
1.2851
1.52665
1.5619
1.1655
1.6483
1.17095
1.0736
1.59725
2.48535
1.0751
1.48915
1.2231
1.0182
1.86865
1.84515
1.1253
1.1328
1.18085
1.8434
1.84095
1.24025
1.31095
4.22485
1.6689
1.45165
1.24195
3.72245
1.2252
1.1045
1.05305
1.278
1.00375
1.5192
1.07885
1.7243
1.0257
1.0764
1.13605
2.1044
1.31125
3.64765
1.0862
1.35385
1.4099
1.11175
1.82495
1.16155
1.6063
1.003
1.06195
1.69095
1.7949
1.3188
1.16065
1.01545
1.69555
1.1696
1.0473
1.13935
1.04455
1.1176
1.1641
1.6874
1.7457
2.0047
1.2467
1.00455
1.8016
1.1607
1.71885
1.05915
1.2814
2.1
1.2914
1.5804
1.7274
1.02285
1.01605
1.009
1.1334
1.14685
2.04395
1.0295
1.26295
1.18095
1.0479
1.1875
1.17215
1.2658
1.72925
1.1138
1.7788
1.0466
1.31805
1.0584
1.4096
1.02215
1.23375
1.9351
1.4978
3.4339
1.25965
1.11335
1.12585
1.0637
1.2084
1.0533
1.46875
1.19565
1.1281
1.10535
1.00325
1.04785
1.60555
1.48095
1.3892
4.7926
1.26145
1.1649
1.63445
2.6526
1.38865
1.07795
1.609
1.703
1.59795
1.02555
1.0594
1.03575
1.1468
1.0671
1.3204
1.3536
2.0706
1.04895
2.46695
1.3091
2.3772
1.5958
1.42925
1.2475
1.67365
1.24265
1.2396
1.74965
1.0276
1.18505
1.7541
2.7842
1.45005
1.4529
2.4794
1.14215
1.46615
1.0344
1.01275
1.6401
1.7569
1.456
1.3117
1.7233
2.09975
1.51225
1.118
1.0051
1.606
2.13095
1.41005
1.0303
1.19845
1.1334
1.75015
1.2357
1.68705
1.4458
1.5399
1.24615
1.0441
1.2151
1.0029
1.31275
1.09065
1.5295
1.00075
1.357
1.18315
1.55995
1.3971
1.84725
1.04985
1.4444
1.4934
1.9661
1.08865
1.12735
1.1095
2.3121
2.0094
1.20385
2.082
1.3828
1.80235
1.0751
1.30975
1.0456
1.044
1.3251
2.2316
1.3203
1.0578
1.0625
1.35555
2.18145
2.0498
1.7626
1.1144
1.06205
1.20525
1.40205
1.22665
1.0753
1.2223
1.3185
1.1848
1.013
1.1637
1.41025
1.8613
1.15195
1.7072
1.11035
1.2028
1.0768
1.18275
1.33175
1.194
1.4352
1.49915
1.0874
1.22865
1.5309
1.21735
1.13835
2.70145
1.66195
1.3814
3.02835
1.1647
1.60695
2.08405
1.00765
1.074
1.0048
1.1493
1.06585
1.12905
1.01725
1.60505
1.17205
1.1593
1.04865
1.69835
1.10745
1.0176
1.0981
1.84045
1.79165
1.1631
1.04465
1.09295
3.1501
1.07635
1.10305
1.3652
1.9068
1.2468
1.1064
1.0875
1.5275
1.14575
1.3139
2.0154
1.16665
1.1949
1.15195
1.10705
1.1843
1.7098
1.00435
1.0081
1.04905
1.2519
1.01225
1.10545
1.716
2.0315
1.0469
1.34
1.31325
1.11895
1.0489
1.0799
1.0839
1.1056
1.3415
1.2951
1.1967
1.0606
1.16705
1.1325
1.06195
1.66055
1.3139
1.84225
1.0404
1.07235
1.1666
1.10995
3.575
1.17205
1.0443
1.0092
2.1729
1.1193
1.57755
1.481
1.05515
1.1907
3.28
2.2486
2.22985
1.29965
1.01235
1.46955
2.12955
1.06595
1.46495
1.1221
1.7047
1.0356
1.01435
1.6004
1.47145
1.63805
1.4714
1.83885
1.04625
1.31205
1.37005
1.0231
1.1664
1.1586
1.5587
1.58145
1.5102
1.038
1.1525
1.113
1.36395
1.1721
1.3235
1.2646
1.3794
1.24875
1.27155
1.54965
1.2489
1.12715
1.1482
1.24075
1.25075
1.01745
3.3916
1.0923
3.6223
2.20595
1.4996
1.0967
2.041
2.65885
1.0026
1.24185
1.1169
1.87795
1.09715
1.54025
1.68995
1.0524
1.14865
1.50785
1.09355
1.3725
1.5511
1.105
1.71535
1.01485
1.62165
1.41735
1.18515
1.2876
2.5635
2.22595
1.7361
1.229
1.2835
1.0546
2.88
1.54465
1.7919
1.7016
1.0383
1.0287
1.02575
2.08485
1.26785
1.14785
